-0.631765,-0.504203,0.804691,-3.13906
-0.644447,-0.488741,0.804398,-3.1376
-0.657129,-0.473278,0.804105,-3.13614
-0.66981,-0.457816,0.803812,-3.13468
-0.682492,-0.442353,0.803519,-3.13322
-0.695174,-0.426891,0.803226,-3.13176
-0.707856,-0.411428,0.802933,-3.1303
-0.720537,-0.395966,0.80264,-3.12884
-0.733219,-0.380503,0.802347,-3.12738
-0.745901,-0.365041,0.802054,-3.12592
-0.758583,-0.349579,0.801761,-3.12446
-0.771264,-0.334116,0.801467,-3.123
-0.783946,-0.318654,0.801174,-3.12154
-0.796628,-0.303191,0.800881,-3.12008
-0.80931,-0.287729,0.800588,-3.11862
-0.821991,-0.272266,0.800295,-3.11716
-0.834673,-0.256804,0.800002,-3.1157
-0.847355,-0.241341,0.799709,-3.11424
-0.860037,-0.225879,0.799416,-3.11278
-0.872718,-0.210417,0.799123,-3.11132
-0.8854,-0.194954,0.79883,-3.10986
-0.898082,-0.179492,0.798537,-3.1084
-0.910764,-0.164029,0.798244,-3.10694
-0.923445,-0.148567,0.797951,-3.10548
-0.936127,-0.133104,0.797658,-3.10402
-0.948809,-0.117642,0.797365,-3.10256
-0.961491,-0.102179,0.797072,-3.1011
-0.974172,-0.0867169,0.796778,-3.09964
-0.986854,-0.0712545,0.796485,-3.09817
-0.999536,-0.055792,0.796192,-3.09671
-1.01222,-0.0403296,0.795899,-3.09525
-1.0249,-0.0248671,0.795606,-3.09379
-1.03758,-0.00940466,0.795313,-3.09233
-1.05026,0.00605779,0.79502,-3.09087
-1.06294,0.0215202,0.794727,-3.08941
-1.07563,0.0369827,0.794434,-3.08795
-1.08831,0.0524451,0.794141,-3.08649
-1.10099,0.0679076,0.793848,-3.08503
-1.11367,0.08337,0.793555,-3.08357
-1.12635,0.0988325,0.793262,-3.08211
-1.13904,0.114295,0.792969,-3.08065
-1.15172,0.129757,0.792676,-3.07919
-1.1644,0.14522,0.792382,-3.07773
-1.17708,0.160682,0.792089,-3.07627
-1.18976,0.176145,0.791796,-3.07481
-1.20244,0.191607,0.791503,-3.07335
-1.21513,0.20707,0.79121,-3.07189
-1.22781,0.222532,0.790917,-3.07043
-1.24049,0.237995,0.790624,-3.06897
-1.25317,0.253457,0.790331,-3.06751
-1.26585,0.268919,0.790038,-3.06605
-1.28246,0.2789,0.794987,-3.09014
-1.29907,0.288881,0.799936,-3.11423
-1.31568,0.298861,0.804885,-3.13832
-1.33229,0.308842,0.809834,3.12078
-1.3489,0.318823,0.814783,3.09669
-1.36551,0.328803,0.819731,3.0726
-1.38212,0.338784,0.82468,3.04851
-1.39873,0.348765,0.829629,3.02442
-1.41534,0.358745,0.834578,3.00033
-1.43195,0.368726,0.839527,2.97625
-1.44856,0.378706,0.844476,2.95216
-1.46517,0.388687,0.849425,2.92807
-1.48178,0.398668,0.854374,2.90398
-1.49839,0.408648,0.859323,2.87989
-1.515,0.418629,0.864272,2.8558
-1.53161,0.42861,0.869221,2.83171
-1.54822,0.43859,0.87417,2.80762
-1.56483,0.448571,0.879118,2.78353
-1.58144,0.458552,0.884067,2.75944
-1.59805,0.468532,0.889016,2.73535
-1.61466,0.478513,0.893965,2.71127
-1.63127,0.488493,0.898914,2.68718
-1.64788,0.498474,0.903863,2.66309
-1.66449,0.508455,0.908812,2.639
-1.6811,0.518435,0.913761,2.61491
-1.69771,0.528416,0.91871,2.59082
-1.71433,0.538397,0.923659,2.56673
-1.73094,0.548377,0.928608,2.54264
-1.74755,0.558358,0.933557,2.51855
-1.76416,0.568339,0.938505,2.49446
-1.78077,0.578319,0.943454,2.47037
-1.79738,0.5883,0.948403,2.44629
-1.81399,0.59828,0.953352,2.4222
-1.8306,0.608261,0.958301,2.39811
-1.84721,0.618242,0.96325,2.37402
-1.86382,0.628222,0.968199,2.34993
-1.88043,0.638203,0.973148,2.32584
-1.89704,0.648184,0.978097,2.30175
-1.91365,0.658164,0.983046,2.27766
-1.93026,0.668145,0.987995,2.25357
-1.94687,0.678126,0.992944,2.22948
-1.96348,0.688106,0.997892,2.20539
-1.98009,0.698087,1.00284,2.1813
-1.9967,0.708067,1.00779,2.15722
-2.01331,0.718048,1.01274,2.13313
-2.02992,0.728029,1.01769,2.10904
-2.04653,0.738009,1.02264,2.08495
-2.06314,0.74799,1.02759,2.06086
-2.07975,0.757971,1.03253,2.03677
-2.09636,0.767951,1.03748,2.01268
-2.1089,0.783415,1.03562,1.99003
-2.12145,0.79888,1.03375,1.96738
-2.13399,0.814344,1.03189,1.94474
-2.14654,0.829808,1.03002,1.92209
-2.15908,0.845272,1.02815,1.89944
-2.17163,0.860736,1.02629,1.87679
-2.18417,0.8762,1.02442,1.85414
-2.19672,0.891665,1.02256,1.83149
-2.20926,0.907129,1.02069,1.80885
-2.22181,0.922593,1.01882,1.7862
-2.23435,0.938057,1.01696,1.76355
-2.2469,0.953521,1.01509,1.7409
-2.25944,0.968985,1.01322,1.71825
-2.27199,0.98445,1.01136,1.69561
-2.28453,0.999914,1.00949,1.67296
-2.29708,1.01538,1.00763,1.65031
-2.30962,1.03084,1.00576,1.62766
-2.32217,1.04631,1.00389,1.60501
-2.33471,1.06177,1.00203,1.58236
-2.34726,1.07723,1.00016,1.55972
-2.3598,1.0927,0.998296,1.53707
-2.37235,1.10816,0.99643,1.51442
-2.38489,1.12363,0.994564,1.49177
-2.39744,1.13909,0.992698,1.46912
-2.40998,1.15456,0.990832,1.44647
-2.42253,1.17002,0.988966,1.42383
-2.43507,1.18548,0.9871,1.40118
-2.44762,1.20095,0.985234,1.37853
-2.46016,1.21641,0.983368,1.35588
-2.47271,1.23188,0.981502,1.33323
-2.48525,1.24734,0.979636,1.31058
-2.4978,1.2628,0.977769,1.28794
-2.51034,1.27827,0.975903,1.26529
-2.52289,1.29373,0.974037,1.24264
-2.53543,1.3092,0.972171,1.21999
-2.54798,1.32466,0.970305,1.19734
-2.56052,1.34013,0.968439,1.1747
-2.57307,1.35559,0.966573,1.15205
-2.58561,1.37105,0.964707,1.1294
-2.59816,1.38652,0.962841,1.10675
-2.6107,1.40198,0.960975,1.0841
-2.62325,1.41745,0.959109,1.06145
-2.63579,1.43291,0.957243,1.03881
-2.64834,1.44837,0.955377,1.01616
-2.66088,1.46384,0.953511,0.993509
-2.67343,1.4793,0.951644,0.970861
-2.68597,1.49477,0.949778,0.948213
-2.69852,1.51023,0.947912,0.925564
-2.71106,1.5257,0.946046,0.902916
-2.72361,1.54116,0.94418,0.880268
-2.71015,1.52637,0.944024,0.852328
-2.69669,1.51157,0.943867,0.824388
-2.68323,1.49678,0.94371,0.796449
-2.66977,1.48199,0.943554,0.768509
-2.65631,1.46719,0.943397,0.740569
-2.64286,1.4524,0.943241,0.71263
-2.6294,1.43761,0.943084,0.68469
-2.61594,1.42281,0.942928,0.65675
-2.60248,1.40802,0.942771,0.62881
-2.58902,1.39323,0.942614,0.600871
-2.57556,1.37843,0.942458,0.572931
-2.56211,1.36364,0.942301,0.544991
-2.54865,1.34885,0.942145,0.517052
-2.53519,1.33405,0.941988,0.489112
-2.52173,1.31926,0.941832,0.461172
-2.50827,1.30447,0.941675,0.433232
-2.49481,1.28967,0.941519,0.405293
-2.48135,1.27488,0.941362,0.377353
-2.4679,1.26009,0.941205,0.349413
-2.45444,1.24529,0.941049,0.321473
-2.44098,1.2305,0.940892,0.293534
-2.42752,1.21571,0.940736,0.265594
-2.41406,1.20091,0.940579,0.237654
-2.4006,1.18612,0.940423,0.209715
-2.38714,1.17133,0.940266,0.181775
-2.37369,1.15653,0.940109,0.153835
-2.36023,1.14174,0.939953,0.125895
-2.34677,1.12695,0.939796,0.0979557
-2.33331,1.11215,0.93964,0.070016
-2.31985,1.09736,0.939483,0.0420762
-2.30639,1.08257,0.939327,0.0141365
-2.29293,1.06777,0.93917,-0.0138032
-2.27948,1.05298,0.939013,-0.0417429
-2.26602,1.03819,0.938857,-0.0696826
-2.25256,1.02339,0.9387,-0.0976224
-2.2391,1.0086,0.938544,-0.125562
-2.22564,0.993806,0.938387,-0.153502
-2.21218,0.979012,0.938231,-0.181442
-2.19872,0.964219,0.938074,-0.209381
-2.18527,0.949426,0.937917,-0.237321
-2.17181,0.934632,0.937761,-0.265261
-2.15835,0.919839,0.937604,-0.2932
-2.14489,0.905046,0.937448,-0.32114
-2.13143,0.890252,0.937291,-0.34908
-2.11797,0.875459,0.937135,-0.37702
-2.10451,0.860666,0.936978,-0.404959
-2.09106,0.845872,0.936822,-0.432899
-2.0776,0.831079,0.936665,-0.460839
-2.06414,0.816285,0.936508,-0.488778
-2.05068,0.801492,0.936352,-0.516718
-2.0336,0.811884,0.936996,-0.541825
-2.01653,0.822275,0.93764,-0.566931
-1.99945,0.832666,0.938284,-0.592037
-1.98238,0.843058,0.938928,-0.617143
-1.9653,0.853449,0.939572,-0.64225
-1.94822,0.863841,0.940216,-0.667356
-1.93115,0.874232,0.94086,-0.692462
-1.91407,0.884623,0.941504,-0.717569
-1.89699,0.895015,0.942148,-0.742675
-1.87992,0.905406,0.942792,-0.767781
-1.86284,0.915798,0.943436,-0.792888
-1.84576,0.926189,0.94408,-0.817994
-1.82869,0.936581,0.944724,-0.8431
-1.81161,0.946972,0.945368,-0.868207
-1.79453,0.957363,0.946012,-0.893313
-1.77746,0.967755,0.946656,-0.918419
-1.76038,0.978146,0.9473,-0.943526
-1.74331,0.988538,0.947944,-0.968632
-1.72623,0.998929,0.948588,-0.993738
-1.70915,1.00932,0.949232,-1.01884
-1.69208,1.01971,0.949876,-1.04395
-1.675,1.0301,0.95052,-1.06906
-1.65792,1.04049,0.951164,-1.09416
-1.64085,1.05089,0.951808,-1.11927
-1.62377,1.06128,0.952452,-1.14438
-1.60669,1.07167,0.953096,-1.16948
-1.58962,1.08206,0.95374,-1.19459
-1.57254,1.09245,0.954384,-1.21969
-1.55546,1.10284,0.955028,-1.2448
-1.53839,1.11323,0.955672,-1.26991
-1.52131,1.12363,0.956316,-1.29501
-1.50424,1.13402,0.95696,