-3.88685e-11,1.15919e-11,0.13,-9.78104e-18
-3.88685e-11,1.15919e-11,0.13,-1.23036e-17
-2.76773e-11,2.48133e-11,0.13,-1.50309e-17
-3.88685e-11,1.15919e-11,0.13,-1.71984e-17
-2.76773e-11,2.48133e-11,0.13,-1.99202e-17
-3.88685e-11,1.15919e-11,0.13,-2.20865e-17
-2.76773e-11,2.48133e-11,0.13,-2.47805e-17
-3.88685e-11,1.15919e-11,0.13,-2.69809e-17
-3.88685e-11,1.15919e-11,0.13,-2.9339e-17
-2.76773e-11,2.48133e-11,0.13,-3.20133e-17
-2.76773e-11,2.48133e-11,0.13,-3.45099e-17
-3.88685e-11,1.15919e-11,0.13,-3.66886e-17
-2.76773e-11,2.48133e-11,0.13,-3.93338e-17
-3.88685e-11,1.15919e-11,0.13,-4.15152e-17
-2.76773e-11,2.48133e-11,0.13,-4.42045e-17
-3.88685e-11,1.15919e-11,0.13,-4.64049e-17
-2.76773e-11,2.48133e-11,0.13,-4.90637e-17
-3.88686e-11,1.15919e-11,0.13,-5.12411e-17
-2.79139e-11,2.26783e-11,0.13,-5.34628e-17
0.0060622,1.28817e-06,0.192921,-4.0159e-07
0.0447351,2.64426e-05,0.333313,5.13181e-06
0.0891819,0.000124776,0.484774,9.39024e-06
0.115208,0.000264252,0.614262,-0.000153636
0.124646,-0.000251704,0.711043,-0.0155752
0.125012,-0.0034995,0.773408,-0.0488733
0.122664,-0.00828427,0.807929,-0.0902658
0.12123,-0.0135786,0.823148,-0.133287
0.121664,-0.0196057,0.828311,-0.18839
0.123015,-0.0288747,0.826741,-0.256016
0.123303,-0.0388169,0.822237,-0.326062
0.12256,-0.047469,0.817033,-0.392163
0.121207,-0.0548823,0.813999,-0.461623
0.118521,-0.064262,0.811534,-0.540618
0.113822,-0.0739793,0.809452,-0.619659
0.108111,-0.0821293,0.807726,-0.692724
0.10237,-0.0889379,0.808013,-0.768277
0.095462,-0.0970089,0.808093,-0.848181
0.086496,-0.105284,0.807764,-0.933383
0.0778702,-0.111343,0.807139,-1.00817
0.0699131,-0.116126,0.808011,-1.08549
0.060271,-0.121885,0.808258,-1.16961
0.0496356,-0.126639,0.807981,-1.2517
0.0396142,-0.129748,0.807347,-1.32637
0.0304283,-0.131964,0.808291,-1.40419
0.0193005,-0.134525,0.808512,-1.48828
0.00751748,-0.135783,0.80816,-1.56999
-0.00299825,-0.1356,0.807502,-1.64419
-0.0124539,-0.134846,0.808396,-1.72228
-0.0238203,-0.133803,0.80855,-1.80625
-0.0352949,-0.13132,0.808144,-1.88761
-0.045108,-0.127916,0.807363,-1.9612
-0.0534643,-0.124342,0.808168,-2.03613
-0.0635601,-0.119988,0.80843,-2.11818
-0.0736476,-0.114221,0.808115,-2.19853
-0.0814369,-0.108431,0.807465,-2.26623
-0.0888209,-0.102113,0.808281,-2.34527
-0.0976272,-0.0944293,0.808479,-2.43182
-0.105508,-0.0857266,0.808112,-2.51294
-0.111504,-0.0771832,0.807363,-2.58659
-0.115941,-0.0697566,0.808054,-2.65769
-0.121656,-0.0601566,0.80835,-2.74275
-0.126314,-0.0500831,0.808079,-2.82017
-0.129646,-0.0396218,0.80737,-2.89688
-0.143408,-0.0484385,0.812499,-2.98003
-0.241315,-0.146306,0.80604,-3.02436
-0.388264,-0.275392,0.795601,-3.05918
-0.50602,-0.384383,0.794104,-3.08826
-0.578638,-0.454079,0.797063,-3.10865
-0.614291,-0.489033,0.800623,-3.12277
-0.628346,-0.501991,0.803285,-3.13285
-0.632429,-0.504094,0.804781,-3.13971
-0.637291,-0.502879,0.812363,3.13831
-0.664318,-0.505695,0.825527,3.12819
-0.697455,-0.516523,0.841888,3.10601
-0.717349,-0.537451,0.860248,3.06753
-0.721878,-0.567507,0.878395,3.01337
-0.715541,-0.602235,0.89501,2.94556
-0.702455,-0.638118,0.910055,2.86529
-0.684911,-0.673608,0.923854,2.77455
-0.664799,-0.707764,0.936535,2.67603
-0.642972,-0.740572,0.94864,2.571
-0.619037,-0.773395,0.960724,2.46056
-0.593094,-0.80737,0.972972,2.34599
-0.568133,-0.839517,0.98414,2.23852
-0.537809,-0.877756,0.997263,2.1102
-0.507868,-0.914786,1.0097,1.98955
-0.476637,-0.953984,1.02221,1.86837
-0.445132,-0.994408,1.03457,1.74671
-0.412558,-1.03677,1.04707,1.62421
-0.382032,-1.07817,1.05851,1.5116
-0.348257,-1.12647,1.0713,1.38451
-0.317069,-1.17263,1.08246,1.26759
-0.288714,-1.22415,1.08731,1.1427
-0.278519,-1.26276,1.08084,1.03942
-0.283307,-1.28761,1.06369,0.951546
-0.299494,-1.30102,1.038,0.879731
-0.322291,-1.30714,1.00755,0.82531
-0.351834,-1.30991,0.970853,0.780815
-0.381986,-1.31074,0.933997,0.750203
-0.413025,-1.3106,0.896234,0.729308
-0.444605,-1.31002,0.858883,0.71602
-0.476271,-1.30891,0.821676,0.708497
-0.508882,-1.30742,0.78434,0.705149
-0.542582,-1.30562,0.747212,0.704668
-0.576254,-1.30352,0.710561,0.70608
-0.610231,-1.30106,0.67367,0.708621
-0.644121,-1.29837,0.639722,0.712567
-0.676034,-1.2907,0.612843,0.721617
-0.707367,-1.27243,0.593694,0.737953
-0.739372,-1.24486,0.581505,0.762272
-0.773342,-1.2102,0.574641,0.794739
-0.809627,-1.17088,0.571344,0.834784
-0.84571,-1.13135,0.570219,0.878883
-0.885126,-1.08833,0.570087,0.931935
-0.923512,-1.04642,0.570248,0.987235
-0.962402,-1.00433,0.570347,1.04533
-1.00133,-0.962999,0.570278,1.10552
-1.04066,-0.92174,0.569903,1.16716
-1.08,-0.881194,0.569311,1.22951
-1.11966,-0.841076,0.568529,1.2926
-1.16011,-0.800623,0.567579,1.35638
-1.20146,-0.759969,0.566534,1.42048
-1.24271,-0.720376,0.565535,1.48445
-1.2838,-0.681675,0.564554,1.54846
-1.32464,-0.643558,0.563557,1.61208
-1.36508,-0.606522,0.562607,1.67552
-1.40514,-0.569491,0.562023,1.7358
-1.43671,-0.531866,0.561751,1.78114
-1.4508,-0.493444,0.561409,1.80244
-1.44582,-0.452857,0.560622,1.7953
-1.42558,-0.410199,0.559481,1.76049
-1.39587,-0.367059,0.558128,1.70198
-1.36117,-0.323937,0.556683,1.62311
-1.32333,-0.279986,0.555157,1.52757
-1.28322,-0.236509,0.553645,1.4199
-1.2421,-0.195465,0.552268,1.30274
-1.20033,-0.156319,0.55091,1.17806
-1.1579,-0.119282,0.549561,1.04848
-1.11601,-0.0856867,0.548299,0.915311
-1.07524,-0.054628,0.547057,0.779248
-1.03545,-0.0253674,0.545834,0.641
-0.997023,0.00181807,0.544644,0.501747
-0.961118,0.0267178,0.543436,0.3616
-0.927823,0.0506094,0.542269,0.220596
-0.89695,0.0735618,0.541085,0.07953
-0.869023,0.0958023,0.539848,-0.0617887
-0.844463,0.117696,0.538667,-0.202807
-0.829185,0.137828,0.538282,-0.342406
-0.832525,0.15715,0.539351,-0.479551
-0.855354,0.179102,0.541609,-0.613858
-0.891172,0.204127,0.544336,-0.744707
-0.933746,0.230169,0.547064,-0.872704
-0.980195,0.256532,0.549718,-0.997474
-1.02834,0.283093,0.552348,-1.11958
-1.07811,0.310932,0.555153,-1.23981
-1.12881,0.341112,0.558133,-1.3579
-1.179,0.373099,0.561122,-1.4743
-1.22943,0.40691,0.564156,-1.58969
-1.28017,0.443048,0.567249,-1.70397
-1.33006,0.48091,0.570303,-1.81728
-1.37991,0.520421,0.573342,-1.93032
-1.4275,0.560222,0.576253,-2.03814
-1.47763,0.604695,0.579395,-2.15451
-1.52544,0.649027,0.582406,-2.26648
-1.57219,0.694875,0.585398,-2.37789
-1.61544,0.739789,0.58831,-2.48471
-1.65934,0.78785,0.59156,-2.59525
-1.69801,0.840148,0.596481,-2.70532
-1.72042,0.893468,0.603838,-2.804
-1.728,0.948719,0.613279,-2.89437
-1.72521,1.00358,0.6238,-2.97591
-1.7169,1.05833,0.635139,-3.0495
-1.7056,1.11404,0.647019,-3.11611
-1.69283,1.1697,0.658926,3.10677
-1.67964,1.22436,0.670986,3.0514
-1.6661,1.27913,0.683254,2.99975
-1.65213,1.33388,0.695643,2.95098
-1.63789,1.38796,0.707901,2.90456
-1.6236,1.44091,0.720128,2.85972
-1.61038,1.48913,0.731241,2.81962
-1.59477,1.54497,0.744388,2.77322
-1.57997,1.59732,0.756661,2.73049
-1.56476,1.65004,0.768996,2.6878
-1.5493,1.70249,0.781179,2.64539
-1.53381,1.75384,0.793435,2.60294
-1.51815,1.80558,0.80578,2.56023
-1.50242,1.85734,0.818628,2.51648
-1.4907,1.90632,0.834362,2.46524
-1.48904,1.95277,0.85361,2.40192
-1.49647,1.99599,0.87456,2.3296
-1.50994,2.04057,0.899762,2.2387
-1.52421,2.07844,0.923847,2.14795
-1.5414,2.12173,0.953181,2.03118
-1.55513,2.1583,0.979617,1.92008
-1.56858,2.19573,1.00887,1.79252
-1.58056,2.23051,1.037,1.66466
-1.59099,2.26313,1.0648,1.53312
-1.60084,2.29312,1.09271,1.39818
-1.6107,2.32082,1.12034,1.26113
-1.62048,2.34563,1.14768,1.12269
-1.63116,2.3676,1.17518,0.982729
-1.64337,2.38739,1.2029,0.841582
-1.65686,2.40486,1.23013,0.700337
-1.672,2.41987,1.25728,0.5587
-1.68971,2.43308,1.28471,0.416366
-1.71026,2.44521,1.31215,0.27378
-1.73285,2.45643,1.33774,0.131822
-1.75234,2.46873,1.35518,-0.0082302
-1.75853,2.48289,1.36143,-0.144504
-1.74985,2.49582,1.35756,-0.276033
-1.73128,2.50771,1.3461,-0.40305
-1.70763,2.52054,1.32962,-0.526007
-1.68404,2.53423,1.31205,-0.635439
-1.65656,2.55214,1.28999,-0.759648
-1.63388,2.56931,1.27046,-0.862803
-1.60809,2.59147,1.24758,-0.980877
-1.58723,2.61118,1.22828,-1.07899
-1.56389,2.63556,1.20569,-1.19232
-1.54266,2.66007,1.18498,-1.29586
-1.52354,2.68354,1.16631,-1.38964
-1.50239,2.71107,1.14525,-1.49478
-1.48191,2.73951,1.12495,-1.59567
-1.46027,2.77083,1.10407,-1.69981
-1.43949,2.80177,1.08388,-1.79961
-1.41925,2.83304,1.06434,-1.89561
-1.39659,2.86868,1.04337,-1.99932
-1.37443,2.9035,1.02367,-2.09827
-1.34917,2.93674,1.00691,-2.19433
-1.31814,2.96445,0.994317,-2.2857
-1.28211,2.98571,0.985734,-2.37108
-1.24649,3.00083,0.980599,-2.44429
-1.20128,3.01608,0.97708,-2.52447
-1.16038,3.02826,0.975427,-2.58834
-1.11091,3.0421,0.974305,-2.65861
-1.06514,3.05457,0.973501,-2.71999
-1.01865,3.06708,0.972818,-2.77868
-0.972074,3.07937,0.972003,-2.83508
-0.925146,3.09154,0.971079,-2.89011
-0.876922,3.10376,0.970083,-2.94431
-0.827963,3.11583,0.968954,-2.99771
-0.779363,3.12766,0.967659,-3.05056
-0.730549,3.13952,0.96631,-3.10328
-0.680853,3.15144,0.965034,3.12738
-0.63138,3.16313,0.963691,3.07503
-0.581599,3.17492,0.962372,3.02253
-0.530716,3.18674,0.961134,2.96994
-0.479975,3.19851,0.960392,2.91694
-0.431039,3.21398,0.961691,2.86104
-0.385051,3.2375,0.965356,2.80073
-0.341634,3.26861,0.971178,2.73604
-0.299685,3.30522,0.978951,2.66662
-0.257717,3.34529,0.988178,2.59296
-0.215768,3.386,0.998233,2.51599
-0.173494,3.42699,1.0088,2.4358
-0.133563,3.46509,1.01878,2.3595
-0.0855594,3.50935,1.03048,2.26801
-0.0420456,3.54808,1.04082,2.18511
0.00547315,3.58901,1.05172,2.0946
0.0515621,3.62735,1.0621,2.00674
0.0982508,3.66511,1.07226,1.91872
0.145133,3.70148,1.08242,1.83051
0.192819,3.73742,1.0927,1.74163
0.241403,3.77294,1.10294,1.6527
0.289961,3.80681,1.11319,1.56371
0.338701,3.83984,1.12351,1.47434
0.387572,3.87204,1.13368,1.38525
0.43576,3.90209,1.14389,1.29663
0.484158,3.92392,1.15519,1.20887
0.531977,3.92726,1.1685,1.1225
0.575896,3.91271,1.18252,1.04121
0.620612,3.88384,1.19816,0.955141
0.662525,3.84889,1.21341,0.873854
0.704727,3.81005,1.22872,0.793808
0.746469,3.7696,1.24388,0.715252
0.787569,3.72856,1.25914,0.637632
0.828488,3.68685,1.27459,0.560608
0.868342,3.64496,1.28988,0.484665
0.906682,3.60327,1.30522,0.40927
0.944824,3.56106,1.32075,0.333859
0.982996,3.51783,1.33647,0.258339
1.02019,3.4743,1.35209,0.183169
1.05604,3.43093,1.36776,0.108025
1.0915,3.38738,1.38352,0.0327428
1.12616,3.34385,1.3991,-0.042215
1.15936,3.30085,1.41454,-0.116851
1.19176,3.25811,1.43005,-0.191546
1.22347,3.21547,1.44535,-0.2638
1.24538,3.18072,1.45932,-0.323038
1.24624,3.16397,1.47122,-0.363311
1.22806,3.16509,1.48041,-0.380834
1.19631,3.17963,1.48712,-0.375691
1.15786,3.20184,1.49172,-0.350538
1.11764,3.22839,1.49491,-0.3079
1.07663,3.25824,1.49751,-0.250889
1.03539,3.28996,1.49992,-0.183375
0.994854,3.3224,1.50231,-0.107617
0.953481,3.35654,1.50503,-0.0252666
0.912035,3.39033,1.50795,0.0576987
0.870147,3.42383,1.51096,0.143201
0.822102,3.46218,1.51451,0.241799
0.775842,3.49813,1.51796,0.334568
0.729941,3.53271,1.5214,0.424289
0.67953,3.56932,1.52503,0.521452
0.630396,3.60414,1.52844,0.615081
0.579702,3.63895,1.53192,0.709081
0.527449,3.67325,1.53544,0.802854
0.474661,3.70584,1.5394,0.892831
0.424003,3.72825,1.54413,0.964461
0.379423,3.73104,1.54914,1.00879
0.342386,3.71509,1.55404,1.01996
0.310887,3.68417,1.55877,0.998541
0.283547,3.64515,1.56311,0.948909
0.260157,3.60223,1.56718,0.874833
0.239262,3.55597,1.57135,0.781399
0.219505,3.50779,1.57538,0.673244
0.200143,3.45719,1.57942,0.553466
0.179637,3.40367,1.58377,0.425044
0.157108,3.34841,1.58815,0.290827
0.132675,3.29146,1.59249,0.151653
0.105471,3.23226,1.59688,0.00904626
0.0750394,3.17265,1.60128,-0.135576
0.0418574,3.11309,1.60571,-0.281959
0.00591971,3.05401,1.61008,-0.428964
-0.0327123,2.99627,1.61451,-0.576662
-0.0741539,2.93929,1.61895,-0.725275
-0.118662,2.88352,1.62338,-0.874031
-0.165479,2.83091,1.62758,-1.02189
-0.213867,2.78213,1.63066,-1.16472
-0.26374,2.73738,1.63221,-1.29895
-0.314015,2.69673,1.63242,-1.4221
-0.363257,2.66002,1.63164,-1.53355
-0.411801,2.62484,1.63,-1.63355
-0.459558,2.59059,1.62792,-1.72257
-0.505713,2.5579,1.6258,-1.80182
-0.550881,2.52568,1.62364,-1.87312
-0.595834,2.49292,1.62141,-1.93777
-0.639693,2.46083,1.61933,-1.99694
-0.682499,2.42927,1.61737,-2.05212
-0.724931,2.39748,1.61538,-2.10421
-0.766397,2.36629,1.61353,-2.15402
-0.80753,2.33506,1.61168,-2.20268
-0.849101,2.30317,1.60974,-2.25044
-0.889808,2.27212,1.60793,-2.2974
-0.928099,2.24285,1.60623,-2.34228
-0.969758,2.21077,1.60426,-2.39094
-1.00806,2.18136,1.60247,-2.43568
-1.04724,2.15116,1.6011,-2.48318
-1.08537,2.11947,1.60123,-2.53439
-1.12183,2.08492,1.60336,-2.59289
-1.15295,2.05048,1.60718,-2.65508
-1.1813,2.01504,1.6123,-2.72302
-1.20791,1.97905,1.61835,-2.79644
-1.23345,1.94341,1.62486,-2.87408
-1.25761,1.909,1.63154,-2.95528
-1.2798,1.87639,1.63804,-3.03626
-1.3023,1.84262,1.64486,-3.12279
-1.32459,1.80847,1.6518,3.06884
-1.3448,1.77569,1.65849,2.97923
-1.3642,1.74259,1.66512,2.88882
-1.38244,1.7099,1.67168,2.79799
-1.3995,1.67686,1.67832,2.70651
-1.41565,1.64299,1.68499,2.61458
-1.43079,1.60895,1.69156,2.52271
-1.44484,1.57451,1.69814,2.43078
-1.45793,1.53923,1.7048,2.33852
-1.47031,1.50271,1.71151,2.24621
-1.48179,1.46589,1.7178,2.15348
-1.49111,1.42829,1.72238,2.05702
-1.49684,1.38888,1.72464,1.95568
-1.49924,1.34833,1.72451,1.84887
-1.49875,1.30582,1.72242,1.73574
-1.49641,1.26076,1.71912,1.61754
-1.49311,1.21443,1.71491,1.4948
-1.48883,1.16604,1.71026,1.36771
-1.48425,1.11458,1.7056,1.23704
-1.48042,1.06475,1.70131,1.11456
-1.47693,1.00471,1.69632,0.969293
-1.47428,0.947528,1.69166,0.833031
-1.47275,0.887201,1.68706,0.695025
-1.47334,0.829022,1.68297,0.567379
-1.47684,0.759531,1.67816,0.416724
-1.48217,0.693651,1.67363,0.276136
-1.49004,0.626027,1.66915,0.135159
-1.50097,0.558428,1.66472,-0.00597776
-1.51447,0.490638,1.66022,-0.147699
-1.53074,0.42215,1.65563,-0.290094
-1.55029,0.354184,1.65069,-0.43141
-1.57538,0.290238,1.64402,-0.567445
-1.60871,0.234145,1.63533,-0.694671
-1.64844,0.186866,1.62459,-0.811157
-1.69163,0.145936,1.61194,-0.91635
-1.7369,0.10815,1.59783,-1.01066
-1.7833,0.0718696,1.58295,-1.09479
-1.82581,0.0398318,1.56895,-1.16433
-1.87398,0.00413289,1.55279,-1.2355
-1.91834,-0.0284017,1.53797,-1.29524
-1.96727,-0.0637702,1.52155,-1.35715
-2.01211,-0.0959397,1.50644,-1.41066
-2.05619,-0.127348,1.49156,-1.46139
-2.10001,-0.158298,1.47669,-1.51037
-2.14391,-0.189227,1.46185,-1.55806
-2.18721,-0.219423,1.44721,-1.60482
-2.2305,-0.249354,1.43241,-1.65136
-2.27261,-0.278464,1.41797,-1.6961
-2.31475,-0.307346,1.40367,-1.74066
-2.36159,-0.338949,1.38765,-1.79091
-2.40436,-0.36837,1.37383,-1.83441
-2.43967,-0.400291,1.3631,-1.86418
-2.46048,-0.4368,1.356,-1.87181
-2.4658,-0.479459,1.352,-1.8532
-2.45917,-0.524833,1.35046,-1.81218
-2.44369,-0.575516,1.35051,-1.74515
-2.4244,-0.625439,1.35158,-1.6615
-2.40246,-0.676059,1.35313,-1.56351
-2.37983,-0.723299,1.35493,-1.45884
-2.35436,-0.772913,1.35693,-1.33645
-2.32913,-0.818202,1.35881,-1.21263
-2.30386,-0.860992,1.36062,-1.08351
-2.27847,-0.902498,1.36235,-0.950541
-2.25323,-0.941471,1.36395,-0.815218
-2.22947,-0.97764,1.3655,-0.677831
-2.20757,-1.01206,1.36702,-0.539083
-2.18764,-1.04435,1.36853,-0.399857
-2.17035,-1.07503,1.37006,-0.259859
-2.15563,-1.1052,1.37162,-0.119233
-2.14332,-1.1346,1.37313,0.0212678
-2.13361,-1.1632,1.37367,0.161752
-2.12261,-1.18585,1.369,0.30143
-2.10518,-1.19364,1.35703,0.440108
-2.08394,-1.18457,1.33904,0.576774
-2.06231,-1.16442,1.31664,0.711645
-2.04011,-1.13954,1.29135,0.845133
-2.01696,-1.11374,1.26494,0.976673
-1.99377,-1.08929,1.23791,1.10657
-1.97019,-1.06695,1.21012,1.23573
-1.94663,-1.04643,1.18235,1.36366
-1.92592,-1.02951,1.15687,1.48045
-1.90385,-1.01357,1.12905,1.60701
-1.88081,-0.999339,1.10025,1.73799
-1.85808,-0.987394,1.0717,1.86814
-1.83573,-0.978185,1.04412,1.99318
-1.81218,-0.970954,1.01656,2.11817
-1.78791,-0.965456,0.989498,2.24224
-1.76306,-0.961764,0.962436,2.36593
-1.73646,-0.959907,0.935064,2.48983
-1.70742,-0.959367,0.907403,2.61417
-1.67668,-0.959448,0.881345,2.7379
-1.64993,-0.955515,0.862155,2.86033
-1.63651,-0.942782,0.851757,2.98049
-1.63694,-0.924954,0.849545,3.09256
-1.64558,-0.902061,0.854853,-3.07216
-1.6557,-0.878317,0.86455,-2.96941
-1.66767,-0.84708,0.87933,-2.85169
-1.67759,-0.816187,0.894734,-2.74491
-1.68624,-0.783502,0.91079,-2.63963
-1.69389,-0.749551,0.926841,-2.53563
-1.70061,-0.714896,0.942416,-2.43312
-1.70628,-0.680352,0.957474,-2.33185
-1.71097,-0.644897,0.972272,-2.23124
-1.71495,-0.608127,0.986873,-2.13123
-1.71834,-0.570565,1.00121,-2.03188
-1.72121,-0.531653,1.01562,-1.93232
-1.72367,-0.490524,1.03016,-1.83263
-1.72591,-0.44846,1.04434,-1.73366
-1.72771,-0.406299,1.05841,-1.63496
-1.72905,-0.362365,1.07282,-1.53574
-1.73033,-0.316098,1.08741,-1.43898
-1.72737,-0.27082,1.10053,-1.35803
-1.7156,-0.232224,1.11025,-1.30634
-1.69087,-0.191113,1.11908,-1.27714
-1.6613,-0.157556,1.1255,-1.28035
-1.62871,-0.126703,1.13108,-1.31054
-1.59553,-0.0970942,1.13645,-1.36341
-1.56498,-0.0695934,1.14128,-1.43092
-1.53509,-0.0409628,1.14618,-1.51564
-1.50555,-0.00977171,1.15146,-1.61533
-1.47861,0.0210671,1.15636,-1.71927
-1.45264,0.0534624,1.16132,-1.82937
-1.42708,0.0877551,1.16642,-1.94325
-1.40202,0.123169,1.17141,-2.05969
-1.3768,0.160689,1.17652,-2.17836
-1.35268,0.197096,1.18125,-2.28811
-1.32379,0.240736,1.18663,-2.41746
-1.29586,0.283094,1.1917,-2.53799
-1.26593,0.32709,1.19675,-2.65842
-1.23451,0.371837,1.20176,-2.77898
-1.20144,0.417849,1.20736,-2.89718
-1.17033,0.464683,1.21422,-3.0016
-1.1476,0.512462,1.22192,-3.08332
-1.13406,0.561418,1.23076,-3.1376
-1.12754,0.610302,1.24067,3.11873
-1.12531,0.657846,1.25164,3.11766
-1.12525,0.704059,1.26345,3.13913
-1.12613,0.749283,1.27594,-3.10346
-1.12731,0.793043,1.28854,-3.0485
-1.12826,0.834897,1.30116,-2.98218
-1.12842,0.874275,1.31341,-2.91051
-1.12784,0.915685,1.32642,-2.82691
-1.12632,0.95478,1.33887,-2.7422
-1.12368,0.993847,1.35128,-2.65479
-1.12012,1.03239,1.36346,-2.56611
-1.11555,1.07088,1.37567,-2.4764
-1.10982,1.11025,1.38798,-2.38613
-1.10331,1.14993,1.40003,-2.29637
-1.09618,1.18946,1.41201,-2.20686
-1.08808,1.23024,1.42421,-2.11719
-1.07933,1.27282,1.43589,-2.02785
-1.07152,1.3163,1.44392,-1.93958
-1.0661,1.36084,1.44716,-1.85236
-1.0633,1.40658,1.44609,-1.76645
-1.06252,1.45229,1.44167,-1.68219
-1.06274,1.49815,1.43491,-1.59905
-1.06344,1.54543,1.42685,-1.51682
-1.06453,1.59346,1.41818,-1.43582
-1.06568,1.64182,1.40914,-1.35548
-1.06698,1.69168,1.40005,-1.27549
-1.06871,1.74249,1.39123,-1.19638
-1.07059,1.79306,1.38246,-1.11778
-1.07268,1.84474,1.37376,-1.03916
-1.0754,1.89813,1.3652,-0.960589
-1.0788,1.95182,1.3567,-0.882294
-1.08244,2.00609,1.34815,-0.803922
-1.08674,2.06132,1.33964,-0.725498
-1.09172,2.11672,1.33119,-0.647412
-1.09708,2.17218,1.32268,-0.569259
-1.10312,2.22876,1.31417,-0.490852
-1.11032,2.28608,1.30632,-0.411638
-1.12101,2.34258,1.30069,-0.329662
-1.13808,2.39642,1.29798,-0.242868
-1.16211,2.44819,1.29799,-0.150307
-1.19168,2.49762,1.29981,-0.0531332
-1.22295,2.54355,1.30258,0.0445467
-1.2598,2.59415,1.30635,0.155297
-1.29822,2.64336,1.31032,0.264959
-1.33832,2.6919,1.31435,0.377317
-1.38002,2.74057,1.31833,0.492157
-1.42383,2.78927,1.32235,0.609212
-1.46991,2.83765,1.32634,0.727818
-1.5174,2.88422,1.33028,0.847254
-1.56609,2.92945,1.33421,0.967796
-1.61617,2.97359,1.33808,1.08874
-1.66702,3.01535,1.34197,1.20982
-1.71867,3.05532,1.34587,1.33139
-1.77148,3.09405,1.34984,1.45337
-1.82479,3.13048,1.3538,1.57509
-1.87788,3.16432,1.35771,1.6968
-1.92829,3.19506,1.36087,1.81359
-1.97721,3.22752,1.3616,1.93987
-2.01308,3.25985,1.35895,2.06025
-2.03771,3.29456,1.35309,2.17964
-2.05399,3.33194,1.34456,2.29825
-2.06544,3.36979,1.33433,2.41552
-2.07347,3.40634,1.32298,2.5321
-2.07894,3.44186,1.31084,2.6485
-2.08248,3.47685,1.29836,2.76479
-2.08454,3.50934,1.28649,2.87568
-2.08497,3.54313,1.2738,2.99533
-2.08323,3.57533,1.26168,3.11037
-2.07963,3.60773,1.24971,-3.05796
-2.07443,3.64012,1.23793,-2.94358
-2.06748,3.67263,1.22612,-2.82907
-2.05849,3.70599,1.21444,-2.71452
-2.048,3.73972,1.20277,-2.60041
-2.03598,3.77403,1.19093,-2.48612
-2.02211,3.80993,1.179,-2.3713
-2.00801,3.84469,1.16804,-2.2654
-1.9909,3.88655,1.1555,-2.14295
-1.98063,3.92545,1.14459,-2.03774
-1.98221,3.95837,1.13517,-1.95274
-1.99801,3.99201,1.12486,-1.87018
-2.02125,4.01851,1.11693,-1.8148
-2.05532,4.04837,1.10868,-1.76629
-2.09038,4.07543,1.10169,-1.73553
-2.12783,4.10285,1.09505,-1.71617
-2.1665,4.13049,1.08868,-1.70593
-2.20563,4.1578,1.08228,-1.70281
-2.24582,4.18535,1.07577,-1.70498
-2.28682,4.21318,1.06929,-1.71087
-2.32777,4.24062,1.06274,-1.71929
-2.36894,4.26792,1.05614,-1.72934
-2.41096,4.29564,1.04949,-1.74036
-2.45373,4.32386,1.04281,-1.75183
-2.49614,4.35179,1.03612,-1.76341
-2.53856,4.37956,1.02933,-1.77494
-2.58141,4.40769,1.02262,-1.78626
-2.62395,4.43564,1.01598,-1.79733
-2.66603,4.46322,1.01023,-1.80975
-2.7085,4.49021,1.00693,-1.82995
-2.75274,4.51674,1.0067,-1.86382
-2.80062,4.54398,1.00928,-1.91373
-2.85102,4.57258,1.01388,-1.97822
-2.90201,4.60208,1.01998,-2.05612
-2.95453,4.63276,1.02701,-2.14596
-3.00766,4.66511,1.03436,-2.24482
-3.06013,4.69899,1.04192,-2.35117
-3.11271,4.73454,1.04953,-2.46382
-3.16555,4.77234,1.05714,-2.58163
-3.21774,4.81241,1.06473,-2.70289
-3.2671,4.85361,1.07218,-2.82605
-3.3139,4.89524,1.07958,-2.95106
-3.35946,4.93756,1.08687,-3.07756
-3.40308,4.9807,1.09403,3.0787
-3.44384,5.02397,1.10133,2.95101
-3.48003,5.0639,1.10809,2.83259
-3.5191,5.10914,1.11558,2.69892
-3.55451,5.15293,1.12323,2.5653
-3.58428,5.19041,1.13053,2.44641
-3.61691,5.23388,1.14242,2.30586
-3.6413,5.27109,1.15764,2.1792
-3.66249,5.30757,1.17828,2.04458
-3.6804,5.34171,1.20253,1.90761
-3.69601,5.37397,1.23016,1.76301
-3.70909,5.40072,1.25733,1.62728
-3.7226,5.42693,1.28732,1.47875
-3.73458,5.44814,1.31519,1.34031
-3.7481,5.46799,1.34565,1.18871
-3.76139,5.48365,1.37337,1.04819
-3.77667,5.49746,1.40316,0.895347
-3.7933,5.50795,1.43208,0.747336
-3.81226,5.51624,1.46083,0.598895
-3.83351,5.5226,1.48944,0.449903
-3.85767,5.52733,1.51826,0.300111
-3.88504,5.53091,1.54698,0.150134
-3.91521,5.53372,1.57547,1.38537e-05
-3.94864,5.53611,1.60418,-0.15068
-3.98573,5.53878,1.63286,-0.301395
-4.0254,5.54214,1.66077,-0.451562
-4.06651,5.54107,1.68684,-0.600893
-4.10867,5.52774,1.70984,-0.748412
-4.1538,5.50135,1.73044,-0.894096
-4.20115,5.46691,1.74902,-1.03284
-4.25565,5.42533,1.76832,-1.18128
-4.30846,5.38595,1.78655,-1.32245
-4.36053,5.3478,1.80475,-1.4626
-4.40996,5.31284,1.8219,-1.59559
-4.46277,5.27821,1.84052,-1.73851
-4.50924,5.24969,1.85706,-1.86431
-4.56341,5.21901,1.87617,-2.01061
-4.61032,5.19477,1.89325,-2.13994
-4.66006,5.17032,1.91188,-2.27984
-4.7069,5.14853,1.92957,-2.41355
-4.75157,5.12907,1.94736,-2.54677
-4.79408,5.11094,1.96511,-2.67955
-4.83418,5.09426,1.98275,-2.81164
-4.8719,5.07825,2.00068,-2.9441
-4.90817,5.06219,2.01868,-3.07665
-4.94203,5.04702,2.03583,3.07573
-4.97146,5.03028,2.04848,2.95383
-4.99582,5.00738,2.05439,2.84776
-5.01675,4.97868,2.05376,2.76133
-5.03648,4.94495,2.04762,2.69597
-5.05504,4.91029,2.0386,2.65374
-5.07648,4.8695,2.0263,2.62441
-5.09865,4.82768,2.01277,2.61181
-5.12076,4.78644,1.99946,2.61244
-5.14341,4.74433,1.98621,2.62274
-5.16466,4.70479,1.97409,2.63877
-5.1901,4.65721,1.96013,2.66325
-5.21356,4.61294,1.94755,2.68959
-5.23717,4.56818,1.935,2.71833
-5.2612,4.52236,1.92245,2.74856
-5.28554,4.47554,1.90983,2.77967
-5.30987,4.42838,1.89738,2.81097
-5.33371,4.38181,1.88504,2.84217
-5.35744,4.33533,1.87266,2.8732
-5.38129,4.28842,1.86017,2.90402
-5.40501,4.24131,1.84805,2.93526
-5.42579,4.19339,1.8372,2.9725
-5.4388,4.14198,1.82776,3.02027
-5.44309,4.08727,1.81943,3.0794
-5.44093,4.03112,1.81167,-3.13339
-5.43504,3.97297,1.80409,-3.05223
-5.42668,3.91255,1.7966,-2.96207
-5.41632,3.85156,1.78917,-2.86486
-5.40448,3.78998,1.78171,-2.76147
-5.39109,3.72728,1.77422,-2.65323
-5.37581,3.66518,1.76687,-2.54186
-5.35883,3.6041,1.75952,-2.42769
-5.34113,3.54565,1.75239,-2.31593
-5.3202,3.48338,1.74476,-2.19381
-5.29856,3.42559,1.73748,-2.07534
-5.27587,3.36886,1.73008,-1.9558
-5.25202,3.3131,1.7227,-1.83556
-5.22719,3.25928,1.71538,-1.71537
-5.20204,3.2085,1.70821,-1.59526
-5.17702,3.15979,1.70098,-1.47516
-5.15213,3.1132,1.69416,-1.35693
-5.12921,3.06862,1.68908,-1.24931
-5.11071,3.02443,1.68597,-1.16048
-5.09704,2.98026,1.6849,-1.09486
-5.08731,2.93455,1.6855,-1.05392
-5.08041,2.88659,1.68728,-1.03615
-5.07566,2.83768,1.68988,-1.03854
-5.0725,2.78814,1.69299,-1.05797
-5.07052,2.73707,1.6963,-1.09134
-5.06974,2.68462,1.69979,-1.13516
-5.07031,2.63265,1.70329,-1.18636
-5.07186,2.58143,1.70676,-1.24293
-5.07398,2.53208,1.71005,-1.30094
-5.07698,2.47803,1.71352,-1.36623
-5.08061,2.42693,1.71684,-1.43042
-5.08453,2.37592,1.72013,-1.49569
-5.08872,2.32449,1.72334,-1.56139
-5.09324,2.274,1.7266,-1.62697
-5.09773,2.22442,1.72993,-1.69253
-5.10221,2.17517,1.73317,-1.7576
-5.10679,2.12759,1.73647,-1.8223
-5.11229,2.08075,1.73913,-1.88991
-5.12125,2.03387,1.74049,-1.96193
-5.1337,1.98874,1.74076,-2.03911
-5.14858,1.94492,1.74005,-2.12223
-5.16517,1.90142,1.73872,-2.21081
-5.18257,1.85941,1.73703,-2.30339
-5.19944,1.81911,1.73518,-2.40007
-5.21577,1.77917,1.73315,-2.50008
-5.23157,1.74063,1.73108,-2.60225
-5.24607,1.70337,1.72903,-2.70664
-5.2594,1.66648,1.72696,-2.81307
-5.27166,1.62972,1.72497,-2.92103
-5.28265,1.59404,1.72303,-3.02945
-5.29177,1.5596,1.72109,-3.13835
-5.29895,1.52523,1.71912,3.03521
-5.30438,1.49167,1.71723,2.92957
-5.30882,1.45555,1.71517,2.81531
-5.31133,1.42209,1.71326,2.70958
-5.31225,1.38477,1.71124,2.59474
-5.31175,1.34827,1.70969,2.48598
-5.31147,1.3104,1.70999,2.38867
-5.31464,1.26937,1.71249,2.31263
-5.3225,1.22597,1.71685,2.26201
-5.3346,1.18123,1.723,2.23815
-5.35015,1.13488,1.73051,2.23905
-5.36786,1.08789,1.73881,2.26173
-5.38797,1.0393,1.74771,2.30301
-5.4095,0.988965,1.75688,2.35856
-5.43154,0.93797,1.76603,2.42511
-5.45452,0.885561,1.7752,2.50016
-5.47752,0.831901,1.78427,2.58071
-5.49823,0.782043,1.79255,2.65838
-5.52063,0.726693,1.80156,2.74571
-5.54422,0.665555,1.8112,2.84165
-5.56391,0.611109,1.81977,2.92777
-5.58305,0.555975,1.82838,3.01456
-5.60298,0.495361,1.83767,3.10864
-5.61993,0.439722,1.84623,-3.08801
-5.63794,0.377001,1.85595,-2.99052
-5.65376,0.318651,1.86476,-2.90151
-5.66673,0.261183,1.87279,-2.82024
-5.67414,0.209286,1.87888,-2.75747
-5.67748,0.150873,1.88437,-2.70129
-5.67722,0.0980414,1.88816,-2.66681
-5.67575,0.045874,1.89109,-2.64811
-5.67417,-0.00555179,1.89351,-2.64305
-5.67293,-0.0553683,1.89571,-2.64936
-5.67207,-0.104542,1.89788,-2.66495
-5.67171,-0.153613,1.90009,-2.68767
-5.67182,-0.201659,1.90237,-2.71541
-5.67199,-0.248739,1.90477,-2.74688
-5.67229,-0.295306,1.90722,-2.78072
-5.67259,-0.341239,1.90967,-2.81612
-5.67282,-0.387042,1.91214,-2.85242
-5.673,-0.432737,1.91462,-2.88905
-5.67309,-0.477622,1.91711,-2.92567
-5.67294,-0.520869,1.91954,-2.96086
-5.67264,-0.568393,1.92218,-2.99895
-5.67222,-0.614458,1.92475,-3.03545
-5.67168,-0.66043,1.92734,-3.07099
-5.67172,-0.705477,1.92892,-3.09924
-5.67431,-0.751599,1.92812,-3.11399
-5.68026,-0.800456,1.92497,-3.11307
-5.68847,-0.850873,1.92006,-3.09683
-5.69817,-0.902982,1.91391,-3.06619
-5.7087,-0.956726,1.90716,-3.02348
-5.71895,-1.01066,1.90015,-2.97115
-5.72894,-1.06546,1.89288,-2.91081
-5.73846,-1.12103,1.88563,-2.84485
-5.74693,-1.17665,1.87842,-2.77449
-5.75459,-1.23116,1.87135,-2.70361
-5.76152,-1.28623,1.86441,-2.63098
-5.76792,-1.3472,1.85679,-2.54788
-5.77302,-1.40135,1.84991,-2.47283
-5.77809,-1.46078,1.8424,-2.39066
-5.78184,-1.51315,1.83587,-2.31796
-5.78514,-1.57297,1.82833,-2.23282
-5.78776,-1.62763,1.82124,-2.15373
-5.79013,-1.68243,1.81409,-2.07485
-5.79162,-1.73167,1.80699,-2.00312
-5.79145,-1.78303,1.79213,-1.92547
-5.78755,-1.81346,1.7699,-1.86469
-5.78148,-1.82604,1.74099,-1.81842
-5.77425,-1.82697,1.70464,-1.78449
-5.76548,-1.8198,1.65737,-1.76012
-5.75751,-1.81003,1.61023,-1.74886
-5.75037,-1.79972,1.56295,-1.74665
-5.74352,-1.78847,1.51327,-1.75145
-5.73765,-1.77776,1.46616,-1.76123
-5.73171,-1.76556,1.41284,-1.77688
-5.72655,-1.75353,1.36362,-1.79444
-5.72177,-1.74145,1.3154,-1.81382
-5.71769,-1.73039,1.27115,-1.83273
-5.71304,-1.71696,1.21874,-1.8558
-5.70873,-1.70408,1.1699,-1.87759
-5.70453,-1.69123,1.12193,-1.89932
-5.70054,-1.6787,1.07392,-1.92097
-5.69648,-1.66586,1.02549,-1.94253
-5.69236,-1.65283,0.977548,-1.96381
-5.68826,-1.64018,0.930709,-1.98449
-5.68092,-1.6311,0.889793,-2.00242
-5.66582,-1.63213,0.857812,-2.01541
-5.64176,-1.64428,0.834647,-2.02244
-5.6091,-1.66523,0.818706,-2.02344
-5.57127,-1.69088,0.808114,-2.01911
-5.53118,-1.71825,0.800882,-2.01008
-5.48967,-1.74674,0.795364,-1.99706
-5.44701,-1.77614,0.790531,-1.98083
-5.40564,-1.80473,0.786079,-1.96307
-5.36133,-1.83537,0.781097,-1.94212
-5.31887,-1.86481,0.77598,-1.92074
-5.27763,-1.8935,0.770749,-1.8994
-5.23279,-1.92471,0.764916,-1.87589
-5.18996,-1.95434,0.759191,-1.85303
-5.1468,-1.9842,0.753285,-1.82999
-5.1051,-2.01303,0.747597,-1.80794
-5.06042,-2.04372,0.741451,-1.78415
-5.01726,-2.0733,0.735462,-1.76129
-4.97544,-2.10197,0.729715,-1.73946
-4.9307,-2.13258,0.723827,-1.71572
-4.89102,-2.16342,0.719775,-1.69041
-4.86026,-2.19972,0.717479,-1.66121
-4.84054,-2.23764,0.717172,-1.63006
-4.82559,-2.2872,0.71879,-1.58776
-4.817,-2.33244,0.721409,-1.54743
-4.80915,-2.38587,0.725506,-1.49565
-4.80299,-2.43346,0.729641,-1.44603
-4.79681,-2.48103,0.733879,-1.394
-4.78963,-2.53305,0.738691,-1.33336
-4.78292,-2.58026,0.743096,-1.27561
-4.7764,-2.62569,0.747241,-1.21886
-4.76915,-2.67547,0.751649,-1.1564
-4.76205,-2.7225,0.755857,-1.09599
-4.75527,-2.76866,0.760041,-1.03515
-4.74868,-2.81483,0.764183,-0.973965
-4.74215,-2.86042,0.768659,-0.913977
-4.73563,-2.90447,0.776695,-0.86487
-4.72835,-2.94842,0.789723,-0.83646
-4.72029,-2.99303,0.807115,-0.832096
-4.71238,-3.03727,0.828098,-0.851626
-4.70489,-3.082,0.851998,-0.893593
-4.69826,-3.12802,0.877369,-0.954472
-4.69347,-3.17397,0.903085,-1.0299
-4.69045,-3.21916,0.92916,-1.11727
-4.6887,-3.26448,0.955399,-1.21392
-4.68838,-3.30996,0.981919,-1.31794
-4.68939,-3.35535,1.00867,-1.4275
-4.69175,-3.39942,1.03513,-1.54042
-4.69492,-3.4409,1.0614,-1.65577
-4.69819,-3.48034,1.08757,-1.77279
-4.7014,-3.51825,1.11387,-1.8912
-4.70447,-3.55471,1.14002,-2.01009
-4.70737,-3.58854,1.16573,-2.12865
-4.70916,-3.62007,1.19168,-2.24753
-4.70965,-3.65079,1.21796,-2.36701
-4.70918,-3.68055,1.24426,-2.48582
-4.71012,-3.7061,1.2733,-2.59956
-4.71661,-3.72246,1.3069,-2.70389
-4.72857,-3.72824,1.34439,-2.79651
-4.74382,-3.72599,1.38532,-2.87679
-4.76131,-3.71952,1.42929,-2.94532
-4.78002,-3.7117,1.47457,-3.00309
-4.79794,-3.70436,1.5189,-3.0498
-4.81742,-3.69725,1.56783,-3.09253
-4.83561,-3.69151,1.61316,-3.12612
-4.85485,-3.68606,1.66135,3.1257
-4.87282,-3.68145,1.7076,3.09907
-4.89111,-3.67725,1.75423,3.07477
-4.90986,-3.67332,1.80129,3.05197
-4.92858,-3.66963,1.84759,3.03028
-4.94575,-3.66653,1.8907,3.01296
-4.96475,-3.66952,1.93446,3.01393
-4.9846,-3.68453,1.97006,3.04097
-5.00734,-3.71408,2.00385,3.10066
-5.03038,-3.75356,2.03327,-3.09529
-5.05435,-3.80158,2.06052,-2.98357
-5.07644,-3.85421,2.08612,-2.85296
-5.09578,-3.90855,2.11096,-2.70724
-5.11202,-3.96273,2.13059,-2.55496
-5.12428,-4.01196,2.13888,-2.40762
-5.13455,-4.05346,2.13487,-2.27358
-5.14574,-4.08965,2.11959,-2.15845
-5.15863,-4.12386,2.09633,-2.0649
-5.17289,-4.15733,2.0675,-1.99349
-5.18901,-4.1914,2.03538,-1.94298
-5.20659,-4.22554,2.00237,-1.9108
-5.2253,-4.25904,1.96908,-1.89417
-5.2455,-4.29242,1.93575,-1.89013
-5.26692,-4.32539,1.90319,-1.89569
-5.28909,-4.35741,1.87106,-1.90843
-5.31215,-4.38915,1.8394,-1.92625
-5.33464,-4.41891,1.80949,-1.94655
-5.35851,-4.44954,1.77815,-1.96994
-5.38419,-4.48184,1.74512,-1.9958
-5.40745,-4.51067,1.71594,-2.01927
-5.4346,-4.54388,1.68204,-2.04695
-5.45963,-4.57428,1.65048,-2.07254
-5.48487,-4.6049,1.61914,-2.09769
-5.50785,-4.63568,1.59225,-2.11721
-5.51965,-4.66755,1.57513,-2.1226
-5.51399,-4.70111,1.56877,-2.1085
-5.49185,-4.73597,1.5716,-2.07351
-5.45772,-4.77143,1.58078,-2.01953
-5.4172,-4.8063,1.59403,-1.94914
-5.37308,-4.84159,1.60967,-1.86468
-5.32665,-4.8772,1.62626,-1.7696
-5.28299,-4.90888,1.64178,-1.67497
-5.23096,-4.94466,1.66005,-1.55695
-5.18153,-4.97688,1.67696,-1.44234
-5.13123,-5.00738,1.69345,-1.32452
-5.08099,-5.03533,1.70978,-1.20424
-5.03077,-5.06165,1.7261,-1.08168
-4.9804,-5.08653,1.74222,-0.957969
-4.93126,-5.10881,1.75826,-0.833618
-4.88359,-5.12935,1.77438,-0.708431
-4.83697,-5.14871,1.79043,-0.583028
-4.79235,-5.16617,1.80637,-0.457806
-4.75002,-5.18242,1.82224,-0.332821
-4.71003,-5.19709,1.83744,-0.212965
-4.67076,-5.2096,1.85074,-0.108337
-4.62925,-5.21969,1.86126,-0.0251986
-4.58615,-5.22758,1.86961,0.0338425
-4.54123,-5.23461,1.87661,0.0685023
-4.49386,-5.24222,1.88275,0.0808941
-4.44578,-5.25102,1.88853,0.0743967
-4.40144,-5.26034,1.8938,0.0544354
-4.35244,-5.27193,1.89952,0.020687
-4.30379,-5.28491,1.90528,-0.0223926
-4.25562,-5.29894,1.91115,-0.0726049
-4.20305,-5.31525,1.91755,-0.132686
-4.154,-5.33136,1.92349,-0.191799
-4.10617,-5.34793,1.92952,-0.25275
-4.05934,-5.36453,1.9356,-0.314893
-4.01499,-5.38056,1.94134,-0.374819
-3.96969,-5.39711,1.9474,-0.437397
-3.92245,-5.41435,1.9537,-0.502623
-3.87674,-5.43106,1.95971,-0.565136
-3.83215,-5.44754,1.96575,-0.627071
-3.7883,-5.46312,1.9705,-0.684034
-3.74428,-5.47606,1.97059,-0.726287
-3.69939,-5.48509,1.96509,-0.74851
-3.65544,-5.49057,1.95514,-0.749536
-3.6099,-5.49382,1.94149,-0.731035
-3.56044,-5.49558,1.92482,-0.693703
-3.50623,-5.4957,1.90524,-0.636067
-3.455,-5.49453,1.88623,-0.569459
-3.40311,-5.49204,1.86719,-0.493616
-3.35206,-5.48803,1.8483,-0.410702
-3.30126,-5.48294,1.82934,-0.322202
-3.25055,-5.47675,1.81064,-0.230141
-3.20143,-5.46946,1.79223,-0.135737
-3.15347,-5.46164,1.77379,-0.0394289
-3.10607,-5.4534,1.75539,0.0579202
-3.06033,-5.44473,1.73723,0.15552
-3.01618,-5.43618,1.71899,0.253583
-2.97293,-5.42779,1.70082,0.351508
-2.93137,-5.41959,1.68268,0.449246
-2.89088,-5.41204,1.66454,0.546942
-2.85136,-5.40514,1.6485,0.645988
-2.81333,-5.39996,1.63784,0.749423
-2.77688,-5.39778,1.6335,0.859465
-2.74245,-5.39862,1.63429,0.975512
-2.71044,-5.40247,1.63898,1.09793
-2.68011,-5.4095,1.64641,1.22672
-2.65117,-5.41916,1.6552,1.36023
-2.62388,-5.43119,1.66463,1.4983
-2.59735,-5.4464,1.67435,1.64044
-2.57326,-5.463,1.68319,1.77349
-2.54638,-5.48443,1.69301,1.92639
-2.51893,-5.50948,1.7028,2.08179
-2.49106,-5.53687,1.71206,2.23248
-2.46183,-5.56659,1.72114,2.38431
-2.43058,-5.59908,1.73028,2.53751
-2.39632,-5.63419,1.7394,2.69131
-2.35926,-5.67056,1.7484,2.8456
-2.31925,-5.7084,1.75741,3.00077
-2.2755,-5.74727,1.76636,-3.12714
-2.22852,-5.78587,1.77525,-2.9716
-2.17788,-5.82389,1.78302,-2.81678
-2.12242,-5.85678,1.7881,-2.66555
-2.06312,-5.88083,1.78993,-2.51921
-2.00182,-5.89643,1.789,-2.37898
-1.94061,-5.90602,1.78574,-2.2455
-1.8792,-5.91236,1.78085,-2.11826
-1.81592,-5.91653,1.77509,-1.99666
-1.75178,-5.91826,1.76896,-1.88053
-1.68735,-5.91816,1.7626,-1.76875
-1.62233,-5.91647,1.75626,-1.66071
-1.55805,-5.91302,1.75012,-1.55619
-1.49451,-5.90822,1.74406,-1.45417
-1.43083,-5.90217,1.73807,-1.35395
-1.36782,-5.89466,1.73225,-1.2557
-1.30583,-5.88583,1.72653,-1.15859
-1.24393,-5.87598,1.72073,-1.06201
-1.18241,-5.86496,1.71497,-0.966349
-1.12221,-5.85276,1.70924,-0.871063
-1.06239,-5.83975,1.70345,-0.775821
-1.0035,-5.82586,1.6977,-0.681166
-0.946797,-5.81032,1.69217,-0.588036
-0.896171,-5.78716,1.68763,-0.499042
-0.856698,-5.75198,1.68438,-0.415791
-0.827709,-5.70686,1.68196,-0.338945
-0.805971,-5.65651,1.67983,-0.268517
-0.787812,-5.60345,1.67775,-0.20381
-0.770967,-5.54872,1.67564,-0.144123
-0.754981,-5.49404,1.67362,-0.0887427
-0.739289,-5.43915,1.67165,-0.036444
-0.723513,-5.38347,1.6697,0.0134325
-0.708301,-5.32846,1.66786,0.0612508
-0.693601,-5.27408,1.66609,0.10774
-0.679137,-5.22017,1.66436,0.153065
-0.665228,-5.16707,1.66269,0.197676
-0.65143,-5.11388,1.66096,0.242012
-0.637665,-5.06019,1.65921,0.286267
-0.62405,-5.00608,1.65745,0.330674
-0.610622,-4.95179,1.6557,0.375016
-0.5983,-4.90064,1.65411,0.417553
-0.585191,-4.84545,1.65237,0.463734
-0.573098,-4.79235,1.65064,0.509826
-0.563713,-4.73865,1.64837,0.560727
-0.558681,-4.68366,1.64519,0.618604
-0.55771,-4.62711,1.64113,0.684033
-0.559924,-4.57008,1.63651,0.755866
-0.564362,-4.51362,1.63139,0.833958
-0.569935,-4.45634,1.62575,0.917718
-0.576738,-4.39904,1.62001,1.00525
-0.584774,-4.34351,1.61438,1.0959
-0.593461,-4.2887,1.60867,1.18944
-0.602882,-4.23368,1.60287,1.28551
-0.613258,-4.17899,1.59712,1.38298
-0.624413,-4.12641,1.59156,1.48139
-0.635696,-4.07532,1.58594,1.58088
-0.647165,-4.02518,1.58033,1.68058
-0.658716,-3.97706,1.57483,1.78049
-0.669983,-3.93014,1.56925,1.88089
-0.681094,-3.88402,1.56366,1.98116
-0.69191,-3.83984,1.55815,2.08124
-0.701924,-3.79704,1.55264,2.18129
-0.711641,-3.7556,1.54782,2.28139
-0.723699,-3.71621,1.54468,2.38398
-0.74078,-3.67817,1.54325,2.49087
-0.762508,-3.6426,1.54329,2.60164
-0.785934,-3.60993,1.54471,2.71662
-0.809307,-3.57854,1.54722,2.83567
-0.831752,-3.54813,1.55021,2.95781
-0.85235,-3.51827,1.55344,3.08325
-0.871038,-3.48849,1.55666,-3.07235
-0.887413,-3.45952,1.55982,-2.94312
-0.901137,-3.4304,1.56295,-2.81189
-0.911711,-3.40282,1.56581,-2.69013
-0.921082,-3.37267,1.56878,-2.5572
-0.928079,-3.34163,1.57173,-2.42328
-0.933215,-3.30597,1.57496,-2.27786
-0.936007,-3.27426,1.57764,-2.15392
-0.937531,-3.23515,1.58076,-2.0077
-0.937478,-3.1961,1.58372,-1.87215
-0.936619,-3.15508,1.5866,-1.73659
-0.934999,-3.11165,1.58954,-1.60084
-0.93288,-3.0655,1.59242,-1.46518
-0.929562,-3.01675,1.5951,-1.32994
-0.924276,-2.9646,1.5976,-1.19461
-0.917857,-2.90832,1.59998,-1.05998
-0.91166,-2.84982,1.60216,-0.926016
-0.905777,-2.78929,1.60432,-0.792545
-0.90158,-2.73237,1.60622,-0.670574
-0.898137,-2.66388,1.60835,-0.527419
-0.896997,-2.59815,1.61033,-0.395115
-0.898554,-2.53179,1.61231,-0.263416
-0.902221,-2.46489,1.61427,-0.131613
-0.908052,-2.39687,1.61631,2.53109e-05
-0.916185,-2.33174,1.61835,0.125965
-0.927485,-2.26209,1.62048,0.261918
-0.940473,-2.19562,1.62247,0.392642
-0.955634,-2.12982,1.62442,0.522759
-0.973062,-2.06553,1.62645,0.6528
-0.99235,-2.00169,1.62845,0.783349
-1.0137,-1.93822,1.63049,0.914177
-1.03698,-1.87718,1.63253,1.04429
-1.06165,-1.81976,1.63419,1.17266
-1.08925,-1.76533,1.63484,1.29561
-1.12152,-1.71479,1.63449,1.41067
-1.15736,-1.6685,1.63332,1.51627
-1.19446,-1.62648,1.63156,1.61223
-1.23196,-1.58617,1.62927,1.69938
-1.26979,-1.54583,1.62664,1.77883
-1.30754,-1.50553,1.6239,1.85127
-1.34408,-1.46664,1.62134,1.91784
-1.37965,-1.42828,1.61883,1.98003
-1.41505,-1.38929,1.61627,2.03895
-1.45,-1.35052,1.61377,2.09514
-1.48418,-1.31241,1.61137,2.1495
-1.51774,-1.27474,1.609,2.20227
-1.55043,-1.23788,1.60672,2.25414
-1.58172,-1.20222,1.60443,2.30363
-1.61575,-1.16336,1.6019,2.35681
-1.64657,-1.12821,1.59969,2.40578
-1.67983,-1.08988,1.59721,2.45909
-1.71181,-1.05312,1.59483,2.51022
-1.74016,-1.0198,1.59295,2.55533
-1.76846,-0.978026,1.59118,2.59959
-1.7868,-0.936282,1.59003,2.62887
-1.79793,-0.891279,1.58925,2.64545
-1.80421,-0.842987,1.5886,2.64948
-1.80768,-0.792308,1.58804,2.64247
-1.8096,-0.741193,1.58757,2.62613
-1.8108,-0.68925,1.58712,2.60204
-1.81168,-0.636098,1.58671,2.57197
-1.81206,-0.583059,1.58638,2.53759
-1.81195,-0.532042,1.58607,2.50148
-1.8116,-0.478129,1.58574,2.46165
-1.81083,-0.424685,1.58546,2.42064
-1.80951,-0.36968,1.58517,2.37709
-1.80812,-0.316109,1.58485,2.33459
-1.80653,-0.262266,1.58452,2.29198
-1.80456,-0.208865,1.58421,2.24935
-1.80247,-0.155009,1.58388,2.20658
-1.80027,-0.100557,1.58348,2.16394
-1.79779,-0.0470998,1.58321,2.12168
-1.79582,0.0012535,1.58425,2.08771
-1.79865,0.0562743,1.58759,2.06647
-1.80865,0.103526,1.59294,2.07167
-1.82587,0.147689,1.60018,2.10365
-1.84922,0.189931,1.6089,2.16083
-1.8765,0.229663,1.61862,2.23922
-1.90557,0.267071,1.62876,2.33546
-1.9356,0.302846,1.63911,2.44622
-1.96603,0.336738,1.64947,2.5676
-1.99536,0.367303,1.65976,2.69659
-2.02244,0.395657,1.67013,2.83215
-2.0477,0.4228,1.68034,2.9721
-2.07063,0.447872,1.69039,3.11475
-2.0903,0.471765,1.70054,-3.02323
-2.10692,0.495957,1.71083,-2.87568
-2.12096,0.521134,1.72118,-2.72635
-2.13237,0.547238,1.73158,-2.57572
-2.14049,0.573125,1.74145,-2.43079
-2.14585,0.601358,1.75171,-2.27931
-2.14842,0.632056,1.76192,-2.12769
-2.14921,0.66667,1.77226,-1.97274
-2.15066,0.704192,1.78156,-1.83363
-2.15563,0.746427,1.78993,-1.70978
-2.16442,0.790528,1.79719,-1.60433
-2.17639,0.835529,1.80379,-1.51826
-2.19088,0.881666,1.81013,-1.4509
-2.20702,0.927758,1.81627,-1.4005
-2.22433,0.972981,1.82232,-1.36473
-2.24305,1.01825,1.82854,-1.34099
-2.26282,1.06322,1.83479,-1.32676
-2.28339,1.10742,1.84108,-1.3198
-2.30493,1.15175,1.84747,-1.31809
-2.32681,1.1953,1.85377,-1.32007
-2.34936,1.23882,1.86018,-1.32449
-2.37271,1.28306,1.86672,-1.33043
-2.39631,1.32731,1.87317,-1.33715
-2.41976,1.3707,1.87953,-1.34421
-2.44357,1.41449,1.88603,-1.35131
-2.46663,1.45687,1.89226,-1.35796
-2.48941,1.49861,1.89841,-1.36437
-2.51289,1.54374,1.90587,-1.36869
-2.52504,1.58646,1.91447,-1.36419
-2.51897,1.62197,1.92336,-1.34847
-2.49577,1.65655,1.9335,-1.32003
-2.45973,1.69088,1.94498,-1.27803
-2.41813,1.72327,1.95681,-1.2269
-2.37383,1.75536,1.96899,-1.16734
-2.32838,1.78733,1.98146,-1.10056
-2.28177,1.82005,1.99415,-1.02779
-2.23424,1.85417,2.00696,-0.950642
-2.18752,1.88907,2.0195,-0.870832
-2.14154,1.92446,2.03184,-0.788932
-2.09936,1.95766,2.04313,-0.71221
-2.05148,1.99648,2.05601,-0.624086
-2.00717,2.03364,2.06798,-0.54177
-1.95839,2.07626,2.08119,-0.449255
-1.91522,2.11563,2.09346,-0.363627
-1.87252,2.15529,2.10581,-0.277762
-1.83203,2.19384,2.11752,-0.195672
-1.79303,2.23244,2.12923,-0.113813
-1.75349,2.27301,2.14073,-0.0330907
-1.71546,2.31808,2.14877,0.0343213
-1.68825,2.36,2.1511,0.0695497
-1.66678,2.4027,2.14857,0.0747873
-1.64952,2.44181,2.14302,0.0549495
-1.63076,2.48564,2.13376,0.00485673
-1.61417,2.5244,2.12359,-0.0636011
-1.5981,2.56133,2.11281,-0.148458
-1.58314,2.59585,2.10186,-0.2458
-1.57097,2.62643,2.09199,-0.343942
-1.55922,2.65998,2.08105,-0.461664
-1.55036,2.69083,2.07092,-0.575757
-1.54262,2.72671,2.05968,-0.708467
-1.5373,2.76044,2.0494,-0.833727
-1.53391,2.79502,2.03917,-0.960891
-1.5324,2.8316,2.02904,-1.08958
-1.53218,2.86693,2.01997,-1.20811
-1.533,2.90802,2.00954,-1.34258
-1.53498,2.95198,1.99904,-1.47782
-1.53707,2.9953,1.98955,-1.60237
-1.53887,3.03977,1.98042,-1.72508
-1.53848,3.08762,1.97264,-1.84693
-1.53248,3.14142,1.96694,-1.96838
-1.52171,3.19152,1.96384,-2.06951
-1.5077,3.24069,1.96222,-2.15963
-1.49121,3.29016,1.96175,-2.23947
-1.47287,3.33993,1.96199,-2.30989
-1.45374,3.38894,1.96252,-2.37228
-1.43378,3.43791,1.96327,-2.42807
-1.41325,3.48614,1.964,-2.47846
-1.39229,3.53419,1.96475,-2.52506
-1.37018,3.5829,1.96554,-2.5687
-1.34791,3.6307,1.96618,-2.61009
-1.32564,3.67812,1.96677,-2.65013
-1.30265,3.72619,1.96746,-2.68947
-1.27914,3.77426,1.96811,-2.72816
-1.25581,3.82189,1.96865,-2.76668
-1.23206,3.86994,1.96924,-2.80521
-1.20807,3.91776,1.96982,-2.84363
-1.18423,3.96527,1.97037,-2.8822
-1.15955,4.01287,1.97095,-2.92035
-1.13152,4.05745,1.97173,-2.95657
-1.09896,4.09672,1.97261,-2.99005
-1.06123,4.13149,1.97364,-3.02062
-1.02001,4.16284,1.97467,-3.04819
-0.977925,4.19177,1.97555,-3.07301
-0.935013,4.21984,1.9764,-3.09559
-0.89135,4.24761,1.97729,-3.11624
-0.851809,4.2726,1.97802,-3.13388
-0.805247,4.30201,1.97897,3.12969
-0.761093,4.32953,1.98,3.11237
-0.717284,4.35671,1.98094,3.0956
-0.673529,4.38387,1.98189,3.07914
-0.629342,4.4111,1.98292,3.0629
-0.58565,4.43792,1.98388,3.04683
-0.542257,4.46468,1.98483,3.03078
-0.498285,4.49163,1.98586,3.01474
-0.458115,4.51615,1.98675,2.99998
-0.411017,4.54505,1.98782,2.98259
-0.368753,4.57082,1.98885,2.96709
-0.324141,4.5988,1.98872,2.95024
-0.289896,4.62837,1.98398,2.93365
-0.271022,4.66377,1.97356,2.91644
-0.265645,4.70384,1.95908,2.89877
-0.269001,4.74674,1.94174,2.88059
-0.277369,4.79182,1.92246,2.86185
-0.288053,4.83798,1.90239,2.84278
-0.299281,4.88392,1.88197,2.8234
-0.310676,4.9302,1.86105,2.80364
-0.322253,4.97744,1.83984,2.78361
-0.333663,5.02439,1.81892,2.76349
-0.344701,5.0709,1.79807,2.74327
-0.355283,5.11535,1.7783,2.72389
-0.366442,5.16302,1.75688,2.70285
-0.3773,5.20958,1.73598,2.6825
-0.388248,5.25636,1.71532,2.66224
-0.398852,5.30239,1.69477,2.64199
-0.409497,5.3488,1.67393,2.62166
-0.42029,5.39551,1.65323,2.6014
-0.430801,5.44162,1.63262,2.58116
-0.440308,5.48291,1.61246,2.56221
-0.448833,5.51838,1.58598,2.53851
-0.451894,5.53061,1.55811,2.51429
-0.451727,5.52424,1.52643,2.48768
-0.44971,5.50502,1.49182,2.45896
-0.446868,5.47956,1.45538,2.42856
-0.443415,5.45148,1.41738,2.39646
-0.43926,5.42232,1.37904,2.3631
-0.434795,5.39348,1.34064,2.32877
-0.429985,5.36446,1.30185,2.29344
-0.424831,5.33497,1.26361,2.25761
-0.419729,5.30593,1.22566,2.22144
-0.414446,5.27661,1.18743,2.18481
-0.408881,5.24655,1.14951,2.148
-0.403341,5.21674,1.11157,2.11109
-0.397629,5.18649,1.07323,2.07391
-0.391738,5.1558,1.03527,2.0368
-0.385908,5.12555,0.997397,1.99976
-0.37995,5.09518,0.959472,1.9627
-0.374106,5.06569,0.92332,1.92724
-0.367009,5.0346,0.88634,1.89017
-0.352924,5.00987,0.856707,1.85904
-0.326784,4.9932,0.833864,1.83407
-0.28919,4.98351,0.817325,1.81586
-0.244892,4.9784,0.805727,1.80405
-0.197143,4.97566,0.797497,1.79808
-0.147298,4.97368,0.791332,1.79715
-0.0978825,4.97189,0.786245,1.80019
-0.0490102,4.97017,0.781448,1.80643
9.5184e-05,4.96832,0.776556,1.81515
0.0496996,4.96646,0.771479,1.82569
0.0966787,4.96476,0.766425,1.83689
0.143132,4.96319,0.761127,1.84886
0.191729,4.96148,0.755462,1.86186
0.243986,4.95961,0.749305,1.87614
0.291827,4.95796,0.743498,1.88945
0.340015,4.95622,0.737662,1.9028
0.384275,4.95455,0.732349,1.91497
0.435685,4.95268,0.726068,1.92913
0.483741,4.95087,0.720233,1.94219
0.531559,4.94844,0.715674,1.95774
0.574373,4.94084,0.714313,1.9825
0.61092,4.92268,0.716749,2.02112
0.64274,4.89341,0.722321,2.07421
0.671058,4.85716,0.729648,2.14072
0.696731,4.8168,0.738083,2.21948
0.721077,4.77343,0.74722,2.30836
0.744693,4.72882,0.756539,2.40499
0.767906,4.68296,0.766018,2.50822
0.792914,4.63313,0.776108,2.62084
0.817187,4.58614,0.785246,2.72814
0.843561,4.53608,0.794664,2.84279
0.871729,4.48446,0.804159,2.95958
0.901701,4.43265,0.813418,3.07705
0.932819,4.3811,0.822503,-3.08792
0.96575,4.32865,0.83172,-2.9685
1.00135,4.27556,0.840938,-2.84894
1.03896,4.22344,0.850199,-2.729
1.07852,4.17131,0.859538,-2.60839
1.12009,4.11992,0.868822,-2.48811
1.16281,4.07141,0.879928,-2.37171
1.20613,4.03125,0.896585,-2.26807
1.2489,4.00466,0.919885,-2.18322
1.2898,3.99032,0.948243,-2.11964
1.32819,3.9844,0.980239,-2.07744
1.36486,3.9832,1.01513,-2.05518
1.40039,3.98437,1.05163,-2.05013
1.43435,3.98655,1.0888,-2.05919
1.46728,3.98928,1.12657,-2.07959
1.49648,3.9922,1.16104,-2.10581
1.52964,3.99604,1.20147,-2.14342
1.5598,4.00012,1.23882,-2.18286
1.58932,4.00461,1.27569,-2.22503
1.61839,4.00946,1.31266,-2.26906
1.64779,4.01476,1.35016,-2.31436
1.67743,4.02045,1.38726,-2.35996
1.70649,4.02631,1.42392,-2.40547
1.73556,4.03242,1.46092,-2.45096
1.76528,4.03885,1.49803,-2.49619
1.79522,4.04412,1.5318,-2.53797
1.82635,4.04114,1.55804,-2.57146
1.8584,4.02628,1.57598,-2.5943
1.89064,4.00141,1.58701,-2.60592
1.92347,3.96903,1.59318,-2.60679
1.95681,3.9322,1.59634,-2.59835
1.98706,3.89713,1.59768,-2.58379
2.02252,3.85491,1.59833,-2.55975
2.05352,3.81777,1.59867,-2.53451
2.08945,3.77505,1.59917,-2.50229
2.12289,3.73572,1.59976,-2.46994
2.16117,3.69097,1.60067,-2.43152
2.19658,3.65004,1.60167,-2.39503
2.23186,3.60957,1.60278,-2.35789
2.26769,3.56863,1.60397,-2.32029
2.30413,3.52732,1.60525,-2.28267
2.34064,3.4864,1.60656,-2.245
2.37761,3.44514,1.60781,-2.20742
2.41425,3.4046,1.60905,-2.17018
2.45068,3.36459,1.61032,-2.13302
2.48631,3.32779,1.61148,-2.094
2.52754,3.30058,1.61258,-2.04253
2.56709,3.29358,1.61307,-1.98553
2.6162,3.30389,1.61247,-1.90391
2.65906,3.32305,1.61081,-1.82364
2.71051,3.35111,1.60763,-1.71788
2.76122,3.38027,1.60395,-1.61039
2.81351,3.41196,1.6,-1.49648
2.86648,3.44525,1.59594,-1.3767
2.92099,3.48085,1.59191,-1.25196
2.9755,3.51928,1.58816,-1.12426
3.02885,3.55991,1.58454,-0.99366
3.08191,3.60289,1.58094,-0.860764
3.13334,3.64809,1.5775,-0.727047
3.18236,3.69487,1.57416,-0.592093
3.23042,3.74355,1.57071,-0.455855
3.2766,3.79416,1.56729,-0.319373
3.3196,3.84574,1.56398,-0.182429
3.36026,3.89791,1.56065,-0.0452004
3.39831,3.95035,1.55735,0.0918905
3.43336,4.00129,1.55587,0.225819
3.46727,4.04473,1.55891,0.351137
3.50304,4.07777,1.56673,0.464097
3.5405,4.10162,1.57871,0.563055
3.57937,4.11873,1.594,0.647903
3.61944,4.1318,1.61144,0.719434
3.6596,4.14248,1.63004,0.779043
3.69983,4.15159,1.6493,0.828606
3.74083,4.15986,1.6688,0.870015
3.78208,4.16758,1.68808,0.904877
3.82355,4.17458,1.70732,0.934878
3.86571,4.18126,1.72656,0.961379
3.9082,4.18769,1.74546,0.985307
3.95071,4.19366,1.76449,1.00769
3.9925,4.19934,1.78288,1.02836
4.03816,4.20547,1.80265,1.05017
4.0816,4.21105,1.82153,1.07086
4.12465,4.21644,1.84039,1.09154
4.16802,4.22177,1.85941,1.11242
4.21169,4.22719,1.87821,1.13344
4.25205,4.23275,1.89481,1.15573
4.27499,4.23921,1.90579,1.18088
4.27373,4.24518,1.91019,1.20804
4.24892,4.25179,1.90851,1.24171
4.21053,4.25849,1.90233,1.27676
4.16013,4.26648,1.89244,1.31831
4.11012,4.2746,1.88157,1.35952
4.05508,4.28377,1.86912,1.40629
4.00427,4.29227,1.85738,1.4512
3.9484,4.30136,1.84458,1.5015
3.89362,4.30972,1.83246,1.55093
3.83912,4.3174,1.82064,1.60099
3.78435,4.32466,1.80886,1.65166
3.72895,4.33164,1.79716,1.7027
3.67614,4.33785,1.78617,1.75166
3.61935,4.34409,1.77429,1.80478
3.56651,4.34969,1.76325,1.85401
3.5092,4.35542,1.75144,1.90708
3.45511,4.36033,1.74019,1.95789
3.40105,4.365,1.72883,2.00871
3.34691,4.36959,1.71824,2.05988
3.29326,4.37474,1.70973,2.1132
3.23855,4.38165,1.70337,2.17008
3.18282,4.38982,1.69898,2.23018
3.12761,4.39794,1.69614,2.29353
3.07239,4.40606,1.69426,2.36008
3.01733,4.41384,1.69294,2.42881
2.96351,4.42076,1.692,2.49946
2.91011,4.42726,1.6911,2.57157
2.85764,4.43309,1.69023,2.64454
2.80576,4.43848,1.68926,2.71857
2.75561,4.44351,1.68818,2.7906
2.70316,4.44843,1.68701,2.86616
2.64988,4.45292,1.68581,2.94498
2.59963,4.4571,1.68463,3.02121
2.54987,4.46116,1.68343,3.09734
2.50166,4.46492,1.68229,-3.1098
2.45409,4.46885,1.68107,-3.03372
2.40739,4.47261,1.67983,-2.95795
2.36172,4.47655,1.6786,-2.88214
2.3163,4.4796,1.67768,-2.80889
2.2727,4.4753,1.67722,-2.74392
2.23326,4.46047,1.67745,-2.69067
2.19697,4.43561,1.67829,-2.65028
2.1646,4.40626,1.67952,-2.62415
2.12747,4.36835,1.68148,-2.60559
2.09642,4.33554,1.68356,-2.59876
2.05886,4.29649,1.68616,-2.59944
2.02316,4.26071,1.68867,-2.60655
1.98753,4.22597,1.69119,-2.61828
1.95184,4.19196,1.69371,-2.63344
1.91566,4.15814,1.69611,-2.65091
1.8798,4.12509,1.69851,-2.66985
1.84382,4.09216,1.70085,-2.68978
1.80697,4.05866,1.70313,-2.7103
1.76962,4.02493,1.70546,-2.73108
1.73249,3.99151,1.70777,-2.75176
1.69637,3.95898,1.71015,-2.77226
1.66027,3.92638,1.7125,-2.79263
1.62367,3.89345,1.71479,-2.81275
1.58764,3.8609,1.71702,-2.82875
1.55344,3.82851,1.71764,-2.83207
1.51647,3.79102,1.71604,-2.81806
1.4847,3.75634,1.71301,-2.78984
1.44819,3.71396,1.70786,-2.73807
1.41581,3.67436,1.70223,-2.67715
1.38195,3.63026,1.69563,-2.59862
1.35099,3.58749,1.689,-2.51273
1.32098,3.54409,1.68223,-2.41908
1.29283,3.50084,1.6755,-2.31974
1.26614,3.45808,1.66878,-2.21569
1.24033,3.41543,1.66207,-2.10825
1.21631,3.3738,1.65555,-1.9992
1.19384,3.33428,1.64913,-1.88842
1.17151,3.29577,1.64262,-1.77612
1.14976,3.25821,1.63623,-1.66358
1.12913,3.22292,1.62988,-1.55074
1.1082,3.18945,1.6234,-1.43725
1.08708,3.15729,1.61693,-1.32394
1.06614,3.12712,1.61048,-1.21074
1.04445,3.0987,1.60517,-1.10061
1.02091,3.07083,1.60272,-1.00024
0.995324,3.04265,1.6034,-0.913856
0.969052,3.01507,1.60675,-0.845708
0.938452,2.984,1.61284,-0.788214
0.907409,2.95297,1.62024,-0.747668
0.87584,2.9216,1.62855,-0.719721
0.843455,2.88933,1.63741,-0.702249
0.810097,2.8559,1.64653,-0.6931
0.77654,2.82213,1.65555,-0.690315
0.742776,2.78792,1.66451,-0.692238
0.708358,2.75285,1.67343,-0.697457
0.673916,2.71772,1.68218,-0.70486
0.639384,2.68239,1.6909,-0.713632
0.604707,2.64688,1.69952,-0.72313
0.570107,2.61146,1.70812,-0.73297
0.535077,2.57556,1.71681,-0.742899
0.499448,2.53906,1.72558,-0.752713
0.464041,2.50285,1.73427,-0.762331
0.428686,2.46672,1.74293,-0.771678
0.393723,2.4314,1.75102,-0.778021
0.357913,2.39953,1.75696,-0.774464
0.319569,2.37302,1.76018,-0.757265
0.279667,2.35128,1.76083,-0.726238
0.239508,2.33297,1.75935,-0.681698
0.199413,2.31712,1.75647,-0.625642
0.159938,2.30298,1.75265,-0.559586
0.120102,2.29013,1.74837,-0.485098
0.0795004,2.27824,1.74399,-0.40387
0.0378488,2.2671,1.73968,-0.317488
-0.00404218,2.25692,1.73543,-0.227873
-0.0462236,2.24777,1.73122,-0.135525
-0.0900707,2.23935,1.72719,-0.0410971
-0.135254,2.23121,1.72336,0.0541069
-0.180455,2.22345,1.71946,0.149612
-0.226865,2.21601,1.71555,0.245845
-0.275721,2.20818,1.71167,0.342636
-0.326227,2.19969,1.70777,0.439765
-0.377592,2.1907,1.70388,0.53652
-0.429056,2.18155,1.69991,0.63302
-0.480224,2.17097,1.69517,0.72508
-0.520766,2.15334,1.68739,0.803436
-0.542174,2.12885,1.67573,0.861619
-0.544972,2.09918,1.66125,0.896233
-0.533921,2.06119,1.64334,0.910977
-0.515502,2.02185,1.6249,0.905058
-0.492572,1.98074,1.60563,0.882058
-0.467351,1.93834,1.58625,0.845507
-0.44138,1.89567,1.56684,0.798373
-0.414582,1.85211,1.54729,0.743056
-0.3872,1.80707,1.52781,0.681907
-0.360143,1.76143,1.50856,0.616917
-0.3331,1.715,1.48916,0.549089
-0.305942,1.66728,1.46973,0.479453
-0.279417,1.61914,1.45055,0.409118
-0.253493,1.57075,1.43129,0.338272
-0.227826,1.52168,1.41196,0.267233
-0.20296,1.47256,1.39295,0.196695
-0.179034,1.42371,1.3739,0.126345
-0.155277,1.37416,1.35463,0.0561019
-0.132526,1.32446,1.3361,-0.0114117
-0.114986,1.27837,1.32061,-0.0660254
-0.101488,1.22534,1.30505,-0.115278
-0.0943083,1.17613,1.29241,-0.148077
-0.0902225,1.12143,1.27953,-0.17056
-0.0883042,1.07273,1.2688,-0.178886
-0.086744,1.02113,1.25789,-0.177687
-0.0854135,0.972969,1.24764,-0.168193
-0.083998,0.925216,1.23747,-0.152243
-0.0823955,0.877581,1.22723,-0.131366
-0.0806323,0.830358,1.21709,-0.107086
-0.07883,0.784265,1.20698,-0.0804698
-0.077143,0.738495,1.19691,-0.0523216
-0.0754896,0.69357,1.18685,-0.023343
-0.0739791,0.648303,1.17662,0.00629262
-0.0725224,0.602585,1.16643,0.0360809
-0.071078,0.557776,1.15634,0.0656931
-0.0698106,0.513135,1.14617,0.0952326
-0.0687106,0.467745,1.13586,0.124753
-0.0676744,0.422251,1.12568,0.153978
-0.0673007,0.379371,1.11669,0.182767
-0.073544,0.336208,1.10973,0.217097
-0.0909641,0.299378,1.10612,0.253822
-0.117897,0.267008,1.10481,0.294838
-0.152133,0.237406,1.10517,0.340259
-0.190655,0.209359,1.10643,0.38931
-0.230397,0.182723,1.10805,0.441436
-0.271081,0.156723,1.10995,0.496324
-0.311161,0.131631,1.11195,0.550975
-0.354551,0.104631,1.11406,0.611582
-0.396558,0.0787693,1.11614,0.671129
-0.439019,0.0526625,1.1182,0.731179
-0.481699,0.0265631,1.12015,0.791978
-0.525657,-0.000383957,1.12216,0.853318
-0.569838,-0.0277828,1.1241,0.914677
-0.613976,-0.0550982,1.12598,0.976241
-0.658929,-0.0830458,1.12795,1.03808
-0.702447,-0.110486,1.12988,1.09717
-0.748934,-0.139983,1.13182,1.16107
-0.794335,-0.168857,1.13373,1.22271
-0.83925,-0.198935,1.13566,1.28479
-0.873877,-0.231098,1.13707,1.34995
-0.8917,-0.266145,1.13779,1.42021
-0.893797,-0.303315,1.13789,1.49522
-0.885818,-0.340772,1.13733,1.57448
-0.87336,-0.378082,1.13649,1.65474
-0.857519,-0.421209,1.13536,1.74596
-0.841381,-0.465222,1.13429,1.83694
-0.82527,-0.510334,1.13298,1.93019
-0.809517,-0.556418,1.13153,2.02551
-0.79356,-0.604181,1.13022,2.12248
-0.778455,-0.648849,1.12901,2.21229
-0.760487,-0.701779,1.12756,2.3186
-0.742961,-0.752448,1.1263,2.41801
-0.72485,-0.802474,1.12526,2.51366
-0.704344,-0.856698,1.12398,2.61712
-0.683993,-0.909281,1.1227,2.71684
-0.662238,-0.963341,1.1215,2.81697
-0.638795,-1.01809,1.12034,2.91693
-0.614268,-1.07281,1.11911,3.01688
-0.589336,-1.12778,1.11875,3.10998
-0.570091,-1.18072,1.11872,-3.10119
-0.562399,-1.23036,1.11862,-3.05954
-0.565092,-1.27269,1.11879,-3.05115
-0.576853,-1.31895,1.11957,-3.07659
-0.591767,-1.35672,1.12075,-3.12689
-0.609675,-1.39525,1.12244,3.07629
-0.627364,-1.43099,1.12445,2.97965
-0.64427,-1.46453,1.12635,2.86889
-0.658965,-1.49641,1.1283,2.74718
-0.670942,-1.52754,1.13016,2.61728
-0.680254,-1.55896,1.13197,2.48098
-0.687054,-1.59145,1.13386,2.34008
-0.691447,-1.62464,1.13562,2.19679
-0.693316,-1.65873,1.13727,2.05133
-0.692793,-1.69566,1.13897,1.90388
-0.690911,-1.7363,1.14074,1.75488
-0.688736,-1.77642,1.14235,1.61747
-0.685873,-1.8239,1.14406,1.46153
-0.682611,-1.873,1.14575,1.31094
-0.680124,-1.92551,1.14722,1.16089
-0.679566,-1.98041,1.14805,1.01187
-0.682052,-2.04039,1.14828,0.858396
-0.687718,-2.09746,1.148,0.719008
-0.69636,-2.15756,1.14724,0.575835
-0.707417,-2.21898,1.14621,0.434997
-0.721664,-2.28338,1.14488,0.290889
-0.737083,-2.34376,1.14353,0.159257
-0.756762,-2.41082,1.1421,0.0176343
-0.777027,-2.47075,1.14078,-0.106411
-0.801508,-2.53459,1.13932,-0.239999
-0.828962,-2.60016,1.13779,-0.378222
-0.857596,-2.66299,1.13632,-0.510437
-0.889776,-2.72655,1.1349,-0.646917
-0.922668,-2.78606,1.13364,-0.777763
-0.957131,-2.84379,1.13236,-0.907651
-0.993112,-2.89949,1.13102,-1.0375
-1.03063,-2.95428,1.12954,-1.16739
-1.06941,-3.00671,1.12812,-1.29644
-1.10865,-3.05591,1.12688,-1.42527
-1.14655,-3.10292,1.12672,-1.54794
-1.17264,-3.14517,1.12878,-1.64968
-1.17846,-3.18265,1.133,-1.71982
-1.16449,-3.21756,1.1389,-1.75333
-1.13602,-3.25111,1.14603,-1.75129
-1.09912,-3.28386,1.15399,-1.71759
-1.05718,-3.31723,1.16225,-1.65686
-1.0117,-3.35149,1.1707,-1.57488
-0.96397,-3.38515,1.17919,-1.47685
-0.916856,-3.4161,1.18751,-1.37104
-0.868328,-3.44586,1.19596,-1.25669
-0.812905,-3.47658,1.20539,-1.12097
-0.761376,-3.50246,1.21421,-0.989891
-0.709688,-3.52628,1.22293,-0.855713
-0.659293,-3.54713,1.23165,-0.719391
-0.610684,-3.56583,1.24038,-0.581426
-0.56383,-3.58291,1.24914,-0.442549
-0.519184,-3.59839,1.2579,-0.303155
-0.47697,-3.61287,1.26667,-0.16298
-0.437086,-3.62665,1.27535,-0.0229607
-0.402719,-3.63895,1.28197,0.107693
-0.379789,-3.65248,1.28296,0.22509
-0.375788,-3.6742,1.27578,0.332748
-0.38813,-3.7003,1.26174,0.405338
-0.409114,-3.73029,1.24165,0.450669
-0.434193,-3.76284,1.21784,0.470912
-0.459554,-3.79618,1.19177,0.469261
-0.484157,-3.83093,1.16446,0.449152
-0.50844,-3.86766,1.13658,0.414106
-0.532613,-3.90613,1.10909,0.367985
-0.556218,-3.94515,1.08192,0.313724
-0.579634,-3.98533,1.05493,0.253494
-0.602653,-4.0251,1.02938,0.191863
-0.627892,-4.06835,1.00245,0.12293
-0.652142,-4.1101,0.976517,0.0551179
-0.677211,-4.15256,0.950499,-0.0135924
-0.703331,-4.19581,0.924273,-0.0828216
-0.730221,-4.23911,0.898263,-0.151841
-0.757392,-4.28217,0.872171,-0.220697
-0.785225,-4.32539,0.846044,-0.289355
-0.812407,-4.36835,0.822629,-0.357401
-0.829934,-4.41054,0.805855,-0.424081
-0.831624,-4.45342,0.796711,-0.488945
-0.81966,-4.49737,0.79478,-0.552035
-0.799499,-4.54122,0.798554,-0.613248
-0.775328,-4.58428,0.806531,-0.673204
-0.748917,-4.62707,0.816858,-0.732006
-0.722494,-4.6688,0.82828,-0.789625
-0.696294,-4.70971,0.840115,-0.846617
-0.669615,-4.75098,0.85193,-0.903425
-0.642677,-4.79271,0.863401,-0.959801
-0.616643,-4.83346,0.874602,-1.01572
-0.590635,-4.87376,0.885645,-1.07176
-0.564351,-4.91438,0.896296,-1.12755
-0.538822,-4.954,0.906895,-1.18315
-0.513298,-4.99318,0.917435,-1.23881
-0.487659,-5.03239,0.927906,-1.29442
-0.46264,-5.07078,0.938265,-1.34975
-0.437753,-5.10842,0.94871,-1.4052
-0.412368,-5.14638,0.959203,-1.4609
-0.388363,-5.18396,0.970279,-1.51217
-0.374938,-5.21906,0.982423,-1.54728
-0.378034,-5.25051,0.995136,-1.56011
-0.395416,-5.27884,1.00817,-1.54946
-0.422399,-5.30563,1.0215,-1.51569
-0.454223,-5.332,1.03502,-1.46147
-0.486525,-5.35738,1.04836,-1.3912
-0.517298,-5.38064,1.06169,-1.3078
-0.547361,-5.40212,1.07522,-1.21362
-0.57681,-5.42236,1.08877,-1.11178
-0.605403,-5.44103,1.10222,-1.00414
-0.634343,-5.4581,1.11584,-0.891853
-0.663906,-5.47368,1.12935,-0.776898
-0.693813,-5.48759,1.14283,-0.66001
-0.724991,-5.4999,1.15636,-0.541839
-0.757274,-5.5108,1.16974,-0.423236
-0.791116,-5.52059,1.18322,-0.303892
-0.827385,-5.52972,1.19688,-0.183977
-0.865498,-5.5385,1.2104,-0.0642575
-0.905099,-5.54689,1.22393,0.0556333
-0.946023,-5.55622,1.23729,0.171288
-0.978995,-5.57269,1.24822,0.271984
-0.994361,-5.59678,1.25561,0.35022
-0.992879,-5.62748,1.26041,0.402816
-0.979264,-5.66405,1.26376,0.429613
-0.960482,-5.70129,1.26623,0.433757
-0.93461,-5.74751,1.26886,0.416562
-0.910206,-5.78917,1.27099,0.386094
-0.880584,-5.83984,1.27351,0.336447
-0.853419,-5.88741,1.27582,0.280281
-0.826008,-5.93623,1.27811,0.216665
-0.798523,-5.98662,1.28038,0.148066
-0.77198,-6.03753,1.28267,0.0761992
-0.745955,-6.0892,1.28495,0.00196411
-0.720087,-6.14203,1.28723,-0.0739635
-0.694717,-6.19571,1.28946,-0.15049
-0.670793,-6.24875,1.29175,-0.226976
-0.6478,-6.30131,1.29406,-0.303484
-0.625077,-6.3542,1.29633,-0.380013
-0.603071,-6.40701,1.29858,-0.45593
-0.582002,-6.45802,1.30118,-0.527226
-0.558215,-6.50045,1.30335,-0.581741
-0.524153,-6.53572,1.30475,-0.618746
-0.484125,-6.55953,1.30533,-0.631475
-0.439718,-6.57581,1.30556,-0.62217
-0.391282,-6.58785,1.30554,-0.592889
-0.340691,-6.59717,1.30546,-0.547617
-0.289856,-6.60455,1.3054,-0.489124
-0.23796,-6.61097,1.30533,-0.420069
-0.185736,-6.61611,1.30522,-0.343659
-0.134525,-6.61989,1.30515,-0.261647
-0.0834741,-6.62292,1.30499,-0.175235
-0.0320383,-6.62529,1.30476,-0.0855584
0.0188024,-6.62676,1.30462,0.00562743
0.0672042,-6.62748,1.30463,0.0975657
0.113915,-6.62828,1.30464,0.190018
0.159768,-6.62918,1.30465,0.282827
0.205125,-6.63028,1.30463,0.375795
0.249269,-6.63137,1.30459,0.468399
0.292001,-6.633,1.30461,0.560938
0.334111,-6.63488,1.3044,0.652254
0.372126,-6.63455,1.30371,0.73295
0.416493,-6.62965,1.30217,0.822436
0.457739,-6.62093,1.30025,0.899896
0.499441,-6.60963,1.29811,0.972256
0.54064,-6.5973,1.29597,1.03947
0.580989,-6.58534,1.29393,1.10231
0.621765,-6.5739,1.29186,1.16184
0.663743,-6.56272,1.28971,1.21885
0.706191,-6.55179,1.28752,1.27361
0.748075,-6.54148,1.28539,1.3266
0.789965,-6.53177,1.28326,1.37857
0.832586,-6.52236,1.28109,1.43003
0.875334,-6.51315,1.27892,1.48081
0.917608,-6.50441,1.27677,1.53133
0.960542,-6.49605,1.27459,1.58199
1.00168,-6.48824,1.2725,1.63041
1.04594,-6.48021,1.27024,1.6829
1.0888,-6.47288,1.26807,1.73362
1.13202,-6.46582,1.26591,1.78433
1.17463,-6.45929,1.26463,1.8335
1.21758,-6.45485,1.266,1.8779
1.26097,-6.45374,1.27033,1.91561
1.30514,-6.45541,1.27743,1.94598
1.35108,-6.45915,1.28668,1.96925
1.39824,-6.46395,1.29727,1.9861
1.44538,-6.46908,1.30846,1.99747
1.48868,-6.47366,1.31907,2.00397
1.54026,-6.47896,1.33181,2.0078
1.58852,-6.48376,1.34356,2.0086
1.63632,-6.48828,1.35509,2.0075
1.68435,-6.49258,1.3667,2.00508
1.73318,-6.49691,1.37826,2.00183
1.78146,-6.50113,1.38961,1.99806
1.82978,-6.50517,1.401,1.99403
1.87878,-6.50929,1.41251,1.9899
1.92834,-6.51345,1.4241,1.98577
1.97735,-6.51762,1.43544,1.98174
2.0255,-6.5216,1.4467,1.97781
2.074,-6.52561,1.45812,1.97396
2.12359,-6.52965,1.46883,1.96748
2.17367,-6.53291,1.47626,1.95242
2.22537,-6.53441,1.47946,1.92463
2.27961,-6.5343,1.47882,1.88305
2.33614,-6.53306,1.4753,1.82805
2.39246,-6.53126,1.47009,1.76421
2.45396,-6.52946,1.46333,1.68552
2.5131,-6.52806,1.45629,1.6022
2.57306,-6.52719,1.44899,1.51258
2.63469,-6.52739,1.44162,1.41787
2.6974,-6.52919,1.43453,1.31986
2.75923,-6.53276,1.42766,1.2198
2.82079,-6.53757,1.42075,1.11762
2.88307,-6.54353,1.41379,1.01417
2.9397,-6.55049,1.40749,0.918377
3.00551,-6.56015,1.40009,0.805053
3.06374,-6.56984,1.39348,0.703946
3.12515,-6.58161,1.38646,0.594622
3.18257,-6.59387,1.37971,0.489293
3.2394,-6.60677,1.37286,0.383827
3.29404,-6.61974,1.36662,0.282417
3.33706,-6.62487,1.36213,0.200699
3.37658,-6.61408,1.35815,0.125698
3.40397,-6.58917,1.35542,0.080435
3.42796,-6.55101,1.35311,0.0536219
3.44616,-6.51224,1.3515,0.0473064
3.46621,-6.46325,1.34988,0.0580481
3.48488,-6.41523,1.34852,0.0823006
3.50337,-6.36606,1.34731,0.116945
3.52156,-6.31598,1.34619,0.159689
3.53963,-6.26499,1.3451,0.207991
3.55699,-6.21365,1.344,0.26042
3.57432,-6.161,1.34281,0.315825
3.59125,-6.10764,1.34165,0.372659
3.60712,-6.055,1.34057,0.430339
3.6227,-6.0022,1.3394,0.488484
3.63682,-5.95336,1.3383,0.542042
3.65159,-5.90078,1.33717,0.599946
3.66704,-5.8441,1.33593,0.662478
3.68144,-5.79099,1.33476,0.720205
3.69477,-5.73865,1.33383,0.775023
3.70302,-5.68744,1.33312,0.820556
3.70379,-5.63805,1.33241,0.853504
3.69806,-5.59074,1.33168,0.872582
3.6881,-5.54373,1.33076,0.877982
3.67626,-5.49632,1.32969,0.871211
3.66422,-5.44965,1.32858,0.854224
3.6523,-5.4034,1.32743,0.828613
3.64075,-5.35695,1.32629,0.796283
3.62993,-5.31146,1.32522,0.759186
3.61937,-5.26691,1.32421,0.718464
3.60884,-5.22243,1.32321,0.675044
3.59827,-5.17766,1.32224,0.629866
3.58795,-5.13376,1.3213,0.583908
3.57746,-5.09054,1.32044,0.537378
3.56692,-5.04786,1.31956,0.490879
3.5563,-5.00589,1.31867,0.444475
3.54526,-4.96367,1.31775,0.398027
3.53378,-4.92071,1.31682,0.351515
3.52213,-4.87774,1.31588,0.305358
3.51124,-4.83623,1.3143,0.260059
3.50897,-4.80134,1.30962,0.217246
3.52241,-4.77834,1.30125,0.178948
3.55069,-4.76559,1.28952,0.142654
3.58729,-4.76102,1.27622,0.111119
3.6349,-4.76065,1.26022,0.0792626
3.68064,-4.76204,1.24501,0.052678
3.72787,-4.76359,1.22923,0.0282191
3.77618,-4.76491,1.21333,0.0055352
3.82194,-4.76596,1.19818,-0.0149247
3.87119,-4.76688,1.18175,-0.0360456
3.91811,-4.76769,1.16608,-0.0555679
3.96117,-4.76834,1.15154,-0.0731694
4.0121,-4.76909,1.13456,-0.0934382
4.05863,-4.76976,1.1189,-0.112026
4.10361,-4.77035,1.10369,-0.129866
4.15293,-4.77096,1.08706,-0.149273
4.20073,-4.77154,1.07111,-0.167967
4.24587,-4.77213,1.05601,-0.185905
4.29444,-4.77268,1.03955,-0.205448
4.3393,-4.77239,1.02531,-0.223839
4.38225,-4.765,1.0141,-0.244771
4.4122,-4.74651,1.00843,-0.26658
4.43216,-4.71591,1.00695,-0.290333
4.44533,-4.6768,1.0083,-0.315621
4.45459,-4.63383,1.01137,-0.342288
4.46188,-4.58875,1.01546,-0.370322
4.46834,-4.54259,1.02007,-0.399474
4.47441,-4.49691,1.02483,-0.429319
4.48038,-4.45147,1.02964,-0.459876