-3.80731,-5.40059,1.92694,-0.91526,0,-4.78262,-5.21552,1.80639,0.289345,0
-2.88065,-5.48782,1.56131,1.0201,0,-3.80731,-5.40059,1.92694,-0.91526,0
-1.95319,-5.81546,1.74153,-2.12465,0,-2.88065,-5.48782,1.56131,1.0201,0
-0.964341,-5.71989,1.62735,-0.226799,0,-1.95319,-5.81546,1.74153,-2.12465,0
-0.663905,-4.76667,1.5938,0.669422,0,-0.964341,-5.71989,1.62735,-0.226799,0
-0.625502,-3.77361,1.48264,2.66881,0,-0.663905,-4.76667,1.5938,0.669422,0
-0.970831,-2.8369,1.54015,-0.893439,0,-0.625502,-3.77361,1.48264,2.66881,0
-1.50527,-5.52379,0.97242,-2.72134,0,-0.964341,-5.71989,1.62735,-0.226799,0
-1.14027,-1.85223,1.58164,1.71204,0,-0.970831,-2.8369,1.54015,-0.893439,0
-5.73709,-5.50982,1.75768,-0.407079,0,-4.78262,-5.21552,1.80639,0.289345,0
-1.68536,-1.0152,1.53412,2.75442,0,-1.14027,-1.85223,1.58164,1.71204,0
-5.9643,-6.47279,1.90283,-1.28995,0,-5.73709,-5.50982,1.75768,-0.407079,0
-1.23482,-2.62117,1.88377,0.00887147,0,-0.970831,-2.8369,1.54015,-0.893439,0
-1.72948,-0.0161889,1.52845,1.92649,0,-1.68536,-1.0152,1.53412,2.75442,0
-1.50841,-2.39247,2.26424,-0.140453,0,-1.23482,-2.62117,1.88377,0.00887147,0
-6.35177,-5.05686,1.11193,1.76601,0,-5.73709,-5.50982,1.75768,-0.407079,0
-2.1225,0.88045,1.73235,-1.29387,0,-1.72948,-0.0161889,1.52845,1.92649,0
-3.01368,0.437091,1.63626,2.55524,0,-2.1225,0.88045,1.73235,-1.29387,0
-2.58455,1.75784,1.86158,-1.39226,0,-2.1225,0.88045,1.73235,-1.29387,0
-0.798768,0.220577,1.24967,-0.444486,0,-1.72948,-0.0161889,1.52845,1.92649,0
-1.81158,2.34269,2.10747,0.30461,0,-2.58455,1.75784,1.86158,-1.39226,0
-1.49495,3.26946,1.90535,-2.27466,0,-1.81158,2.34269,2.10747,0.30461,0
-0.981125,4.12727,1.91724,-3.06431,0,-1.49495,3.26946,1.90535,-2.27466,0
-0.111198,4.62005,1.93721,2.89215,0,-0.981125,4.12727,1.91724,-3.06431,0
-1.67978,-1.0494,0.534725,-1.81854,0,-1.68536,-1.0152,1.53412,2.75442,0
0.101852,4.90246,2.50587,-0.816607,0,-0.111198,4.62005,1.93721,2.89215,0
-3.90717,0.26318,1.22223,0.0680932,0,-3.01368,0.437091,1.63626,2.55524,0
-1.28097,4.82959,2.46866,1.5046,0,-0.981125,4.12727,1.91724,-3.06431,0
-0.350316,5.4989,1.52436,2.48803,0,-0.111198,4.62005,1.93721,2.89215,0
-1.93013,5.5902,2.4766,1.77094,0,-1.28097,4.82959,2.46866,1.5046,0
-4.56984,0.992895,1.05377,-0.0935607,0,-3.90717,0.26318,1.22223,0.0680932,0
-0.262254,6.05624,0.698761,-0.223835,0,-0.350316,5.4989,1.52436,2.48803,0
-5.55338,0.909087,1.21385,2.45291,0,-4.56984,0.992895,1.05377,-0.0935607,0
-5.81199,0.264964,1.93373,1.07925,0,-5.55338,0.909087,1.21385,2.45291,0
-2.04647,3.58404,1.13279,-0.140305,0,-1.49495,3.26946,1.90535,-2.27466,0
-0.0127209,6.59378,1.50423,-2.0731,0,-0.262254,6.05624,0.698761,-0.223835,0
-5.1491,-5.52831,2.32251,-1.13456,0,-4.78262,-5.21552,1.80639,0.289345,0
-2.10387,1.57599,1.19958,1.14927,0,-2.58455,1.75784,1.86158,-1.39226,0
-6.44029,-0.348348,1.4551,2.27334,0,-5.81199,0.264964,1.93373,1.07925,0
-6.75979,-1.29554,1.48223,1.38994,0,-6.44029,-0.348348,1.4551,2.27334,0
-1.67069,-5.09413,2.37389,-1.26969,0,-1.95319,-5.81546,1.74153,-2.12465,0
-0.94845,6.91409,1.65192,-1.19233,0,-0.0127209,6.59378,1.50423,-2.0731,0
-6.65628,0.464841,2.43094,-0.37008,0,-5.81199,0.264964,1.93373,1.07925,0
-2.82857,5.16214,2.37879,-0.140077,0,-1.93013,5.5902,2.4766,1.77094,0
-6.37613,1.46921,1.11719,-2.81805,0,-5.55338,0.909087,1.21385,2.45291,0
-3.59596,4.57693,2.11677,2.0213,0,-2.82857,5.16214,2.37879,-0.140077,0
-6.10333,-2.04801,1.42866,-0.197111,0,-6.75979,-1.29554,1.48223,1.38994,0
-1.48351,-4.3939,1.191,-0.92508,0,-0.663905,-4.76667,1.5938,0.669422,0
-0.320132,4.84677,0.766862,1.75223,0,-0.350316,5.4989,1.52436,2.48803,0
-3.7607,3.85503,1.44467,0.62449,0,-3.59596,4.57693,2.11677,2.0213,0
-1.2494,6.15185,2.25129,2.07746,0,-1.93013,5.5902,2.4766,1.77094,0
-5.12304,0.357676,1.71483,-2.23128,0,-5.81199,0.264964,1.93373,1.07925,0
-3.73266,0.422267,1.7707,-0.529874,0,-3.90717,0.26318,1.22223,0.0680932,0
-4.54328,4.40047,2.38404,0.0414446,0,-3.59596,4.57693,2.11677,2.0213,0
0.672815,4.82226,0.650861,2.00299,0,-0.320132,4.84677,0.766862,1.75223,0
-5.52843,4.31212,2.53125,2.44147,0,-4.54328,4.40047,2.38404,0.0414446,0
-0.448248,1.01735,0.757438,1.74799,0,-0.798768,0.220577,1.24967,-0.444486,0
-5.6002,5.25542,2.20716,-2.88628,0,-5.52843,4.31212,2.53125,2.44147,0
-6.2813,5.81578,1.73587,-1.54155,0,-5.6002,5.25542,2.20716,-2.88628,0
-4.25275,-5.8819,2.02342,-0.374029,0,-3.80731,-5.40059,1.92694,-0.91526,0
-6.86088,-4.49591,1.76472,2.6538,0,-6.35177,-5.05686,1.11193,1.76601,0
-6.84987,4.99341,1.75688,-2.93895,0,-6.2813,5.81578,1.73587,-1.54155,0
0.0625972,5.13596,1.85708,2.18742,0,-0.111198,4.62005,1.93721,2.89215,0
-6.15774,-3.78689,1.81841,2.13809,0,-6.86088,-4.49591,1.76472,2.6538,0
-5.32859,6.21758,2.18512,2.53272,0,-5.6002,5.25542,2.20716,-2.88628,0
-7.01165,4.03742,1.51214,0.10965,0,-6.84987,4.99341,1.75688,-2.93895,0
-4.49448,6.67595,1.87828,0.923726,0,-5.32859,6.21758,2.18512,2.53272,0
-6.4068,3.37527,1.95454,0.324956,0,-7.01165,4.03742,1.51214,0.10965,0
1.33011,4.09191,0.836716,-1.88263,0,0.672815,4.82226,0.650861,2.00299,0
-0.626472,-5.79032,1.55284,-1.36545,0,-0.964341,-5.71989,1.62735,-0.226799,0
1.95814,4.12731,1.53359,-2.6966,0,1.33011,4.09191,0.836716,-1.88263,0
-5.85049,0.769021,1.12006,-2.73085,0,-5.55338,0.909087,1.21385,2.45291,0
2.6137,3.3726,1.55898,-1.96874,0,1.95814,4.12731,1.53359,-2.6966,0
3.35791,4.03726,1.49285,0.786867,0,2.6137,3.3726,1.55898,-1.96874,0
-4.97471,3.70925,1.8043,-0.538273,0,-4.54328,4.40047,2.38404,0.0414446,0
3.30545,2.65445,1.48318,-1.56431,0,2.6137,3.3726,1.55898,-1.96874,0
-2.08942,6.66983,2.0899,-1.60305,0,-1.2494,6.15185,2.25129,2.07746,0
4.27965,4.11795,1.87217,1.23213,0,3.35791,4.03726,1.49285,0.786867,0
-2.95068,-6.47111,1.39322,-2.119,0,-2.88065,-5.48782,1.56131,1.0201,0
1.0045,3.16885,1.04153,2.49296,0,1.33011,4.09191,0.836716,-1.88263,0
-3.61384,-5.30478,2.66231,-1.08213,0,-3.80731,-5.40059,1.92694,-0.91526,0
1.19648,2.40654,1.65962,-2.63896,0,1.0045,3.16885,1.04153,2.49296,0
2.3845,2.71404,0.994232,-0.246304,0,2.6137,3.3726,1.55898,-1.96874,0
-2.57208,6.40588,1.25481,-2.43926,0,-2.08942,6.66983,2.0899,-1.60305,0
4.12835,5.08821,2.06111,2.04444,0,4.27965,4.11795,1.87217,1.23213,0
-1.06923,1.98993,2.46026,0.0425414,0,-1.81158,2.34269,2.10747,0.30461,0
-2.18909,-1.90972,0.513192,-1.95892,0,-1.67978,-1.0494,0.534725,-1.81854,0
-6.32129,5.91114,1.25133,1.44507,0,-6.2813,5.81578,1.73587,-1.54155,0
5.0008,3.84993,1.23333,0.191846,1.2296e-06,4.27965,4.11795,1.87217,1.23213,0
