-2.76773e-11,2.48133e-11,0.13,-9.17257e-18
-2.76773e-11,2.48133e-11,0.13,-1.15119e-17
-3.88685e-11,1.15919e-11,0.13,-1.37064e-17
-3.88685e-11,1.15919e-11,0.13,-1.62182e-17
-2.76773e-11,2.48133e-11,0.13,-1.89205e-17
-3.88685e-11,1.15919e-11,0.13,-2.10906e-17
-2.76773e-11,2.48133e-11,0.13,-2.38088e-17
-3.88685e-11,1.15919e-11,0.13,-2.60166e-17
-2.76773e-11,2.48133e-11,0.13,-2.87188e-17
-3.88685e-11,1.15919e-11,0.13,-3.08759e-17
-2.76773e-11,2.48133e-11,0.13,-3.35358e-17
-3.88685e-11,1.15919e-11,0.13,-3.57189e-17
-2.76773e-11,2.48133e-11,0.13,-3.83895e-17
-3.88685e-11,1.15919e-11,0.13,-4.05492e-17
-2.76773e-11,2.48133e-11,0.13,-4.32606e-17
-3.88686e-11,1.15919e-11,0.13,-4.54375e-17
-2.76773e-11,2.48133e-11,0.13,-4.81056e-17
-3.88686e-11,1.15919e-11,0.13,-5.02852e-17
-2.76774e-11,2.48133e-11,0.13,-5.29517e-17
0.000981156,1.12648e-07,0.152875,-6.88962e-08
0.0255103,1.0268e-05,0.272771,1.23851e-06
0.0729088,7.4717e-05,0.42498,9.3903e-06
0.10693,0.000209124,0.565833,8.29968e-06
0.122325,0.000289539,0.676113,-0.00457255
0.125421,-0.00151639,0.751899,-0.0299923
0.123636,-0.00553843,0.79674,-0.068234
0.121644,-0.0106896,0.818764,-0.110995
0.121327,-0.016071,0.826986,-0.156846
0.122525,-0.0233081,0.82782,-0.2162
0.123632,-0.033679,0.824152,-0.288476
0.123282,-0.0431565,0.819133,-0.357217
0.122257,-0.0507017,0.815347,-0.422022
0.120119,-0.0600159,0.812552,-0.504106
0.11609,-0.0702675,0.810233,-0.585944
0.110514,-0.0792443,0.808348,-0.663271
0.104821,-0.0863109,0.807938,-0.737374
0.0982392,-0.0941181,0.808117,-0.820593
0.0899821,-0.102462,0.807871,-0.904684
0.0811324,-0.109231,0.807318,-0.982978
0.0730544,-0.114232,0.807655,-1.05723
0.064051,-0.119723,0.808196,-1.14015
0.0534712,-0.125149,0.808094,-1.22366
0.0429244,-0.128881,0.80755,-1.30125
0.0337543,-0.13116,0.807875,-1.37478
0.0236351,-0.133583,0.808386,-1.45701
0.0119935,-0.135471,0.808232,-1.53991
0.000867561,-0.135773,0.80764,-1.61697
-0.00859769,-0.135122,0.808006,-1.69071
-0.0191332,-0.134308,0.808463,-1.77322
-0.0308537,-0.13246,0.808266,-1.85613
-0.0414755,-0.129282,0.807644,-1.93304
-0.0501032,-0.12575,0.807773,-2.00467
-0.0593138,-0.12186,0.808328,-2.08499
-0.0696844,-0.116685,0.80821,-2.16678
-0.0788656,-0.110452,0.80765,-2.2433
-0.0858501,-0.104639,0.807822,-2.31251
-0.0939909,-0.0976918,0.808357,-2.39694
-0.102415,-0.0894293,0.808211,-2.47949
-0.109261,-0.0806198,0.807639,-2.55659
-0.114274,-0.0726404,0.80789,-2.62932
-0.119654,-0.0638776,0.808472,-2.71092
-0.125052,-0.0534843,0.80834,-2.79365
-0.128799,-0.0430383,0.807748,-2.87087
-0.133807,-0.0382581,0.810288,-2.947
-0.200283,-0.109183,0.809464,-3.01242
-0.344929,-0.237968,0.795935,-3.04737
-0.474022,-0.357262,0.792227,-3.07892
-0.560359,-0.438494,0.794754,-3.10228
-0.605855,-0.482489,0.798855,-3.11814
-0.625263,-0.500325,0.802213,-3.12958
-0.63163,-0.504446,0.804277,-3.13751
-0.633076,-0.503381,0.806607,3.14066
-0.646601,-0.501293,0.817557,-3.14159
-0.691407,-0.49931,0.831419,-3.12817
-0.749124,-0.497857,0.847338,-3.09824
-0.807047,-0.495137,0.863661,-3.05204
-0.855716,-0.491023,0.878203,-2.99614
-0.908166,-0.484274,0.894069,-2.91603
-0.949953,-0.47853,0.906177,-2.83801
-0.996427,-0.472434,0.919186,-2.7365
-1.03834,-0.467598,0.930455,-2.63484
-1.07859,-0.463714,0.941145,-2.5283
-1.11654,-0.459886,0.951755,-2.41763
-1.15321,-0.455182,0.962364,-2.30384
-1.18823,-0.449843,0.972848,-2.18829
-1.22162,-0.443229,0.983417,-2.0714
-1.25113,-0.435846,0.993166,-1.96314
-1.28329,-0.425872,1.00419,-1.84031
-1.31483,-0.413846,1.01539,-1.71668
-1.34383,-0.400818,1.02576,-1.60249
-1.3746,-0.385097,1.03691,-1.47887
-1.40421,-0.367845,1.04775,-1.35966
-1.43416,-0.347924,1.05863,-1.24291
-1.46271,-0.323605,1.06937,-1.13446
-1.48996,-0.292499,1.08027,-1.0378
-1.51708,-0.254854,1.09142,-0.954393
-1.54414,-0.213756,1.10242,-0.884393
-1.57061,-0.172098,1.11334,-0.826827
-1.59743,-0.13008,1.12447,-0.780155
-1.62506,-0.0880321,1.13566,-0.742712
-1.65283,-0.0471038,1.1468,-0.712721
-1.6811,-0.00674046,1.15806,-0.688501
-1.70978,0.032988,1.16926,-0.668639
-1.73642,0.0691425,1.17965,-0.653102
-1.76847,0.111757,1.19195,-0.637164
-1.79816,0.150652,1.2032,-0.623876
-1.8279,0.189339,1.21456,-0.611344
-1.857,0.226867,1.22558,-0.59966
-1.88852,0.267243,1.23735,-0.587181
-1.91854,0.305716,1.24868,-0.575098
-1.94663,0.341626,1.2593,-0.563782
-1.9801,0.384248,1.27178,-0.550288
-2.01104,0.42225,1.28201,-0.537453
-2.04472,0.453124,1.28875,-0.523583
-2.08321,0.473491,1.29145,-0.50838
-2.12529,0.484105,1.29055,-0.491971
-2.16997,0.487932,1.2869,-0.474248
-2.21697,0.488157,1.28152,-0.45527
-2.26485,0.486882,1.27517,-0.435384
-2.31225,0.485183,1.26827,-0.414777
-2.35975,0.483604,1.26111,-0.393456
-2.40824,0.482246,1.25402,-0.371554
-2.45669,0.481026,1.24704,-0.349379
-2.50462,0.479815,1.2401,-0.326937
-2.54908,0.478814,1.23385,-0.30609
-2.59751,0.477782,1.2272,-0.283398
-2.64933,0.47667,1.21998,-0.258827
-2.69796,0.475679,1.21338,-0.235978
-2.74657,0.474722,1.20682,-0.213232
-2.79468,0.473737,1.20016,-0.190479
-2.84361,0.472797,1.19344,-0.167572
-2.8896,0.471921,1.18732,-0.146487
-2.94252,0.471637,1.18062,-0.121153
-2.9866,0.477935,1.17604,-0.0965537
-3.0301,0.49662,1.17271,-0.0667735
-3.06507,0.522344,1.17107,-0.0376395
-3.10335,0.560586,1.17042,7.16295e-05
-3.13801,0.600924,1.17079,0.0380261
-3.17215,0.642887,1.17172,0.0781884
-3.20297,0.681719,1.17278,0.116746
-3.23912,0.727507,1.17415,0.163699
-3.27317,0.770434,1.17551,0.208535
-3.30776,0.813525,1.17682,0.25401
-3.34214,0.856059,1.17798,0.299983
-3.37684,0.898894,1.17904,0.346482
-3.41242,0.94239,1.18006,0.393481
-3.44859,0.986023,1.18106,0.440518
-3.48458,1.029,1.18203,0.487616
-3.52065,1.07184,1.183,0.534521
-3.55648,1.11389,1.18392,0.581295
-3.59263,1.15604,1.18481,0.628052
-3.62645,1.19504,1.18565,0.671175
-3.6657,1.24086,1.1884,0.718867
-3.69047,1.27767,1.19461,0.750661
-3.69973,1.31869,1.20733,0.771534
-3.69091,1.35257,1.22284,0.774396
-3.66973,1.38582,1.24384,0.761336
-3.64472,1.41366,1.26514,0.736906
-3.61181,1.44482,1.29163,0.695802
-3.58287,1.47027,1.31507,0.651897
-3.54781,1.49996,1.3433,0.591785
-3.51577,1.52605,1.36829,0.532827
-3.48412,1.55086,1.39292,0.470302
-3.4504,1.5768,1.41963,0.399311
-3.41649,1.60248,1.44609,0.326204
-3.38457,1.62609,1.47116,0.25498
-3.35591,1.64745,1.49427,0.188711
-3.32265,1.6722,1.52099,0.110915
-3.29411,1.69369,1.5448,0.0417218
-3.26463,1.71648,1.56998,-0.0307405
-3.23647,1.73846,1.5939,-0.0999873
-3.20616,1.76269,1.62075,-0.177518
-3.17963,1.78503,1.6445,-0.250009
-3.16092,1.80747,1.66451,-0.327457
-3.15744,1.83286,1.68004,-0.413276
-3.16802,1.86276,1.69115,-0.50761
-3.18732,1.89521,1.69821,-0.610113
-3.21228,1.92847,1.70244,-0.720526
-3.2413,1.96204,1.70499,-0.837107
-3.27271,1.99544,1.70661,-0.958916
-3.30659,2.02958,1.70805,-1.08507
-3.34208,2.06534,1.70955,-1.21423
-3.37889,2.10298,1.71123,-1.34634
-3.41737,2.14366,1.71324,-1.48119
-3.4571,2.18804,1.71558,-1.61822
-3.49666,2.23542,1.71798,-1.7563
-3.53548,2.28457,1.72029,-1.89509
-3.57407,2.33583,1.72261,-2.03485
-3.61215,2.39005,1.72497,-2.17487
-3.64845,2.44671,1.72737,-2.31542
-3.68365,2.50618,1.72978,-2.45692
-3.71681,2.56812,1.73214,-2.59822
-3.74661,2.63061,1.73402,-2.73718
-3.77397,2.69165,1.73336,-2.86635
-3.80049,2.74953,1.72919,-2.97972
-3.82724,2.80383,1.72197,-3.07416
-3.85393,2.85418,1.71278,3.13432
-3.88065,2.90162,1.70218,3.07865
-3.90833,2.94752,1.69077,3.04009
-3.93622,2.99137,1.6793,3.01598
-3.96392,3.0335,1.6678,3.0037
-3.9922,3.07488,1.65617,3.00077
-4.02123,3.11593,1.64455,3.00486
-4.05023,3.15578,1.63322,3.01391
-4.07889,3.1947,1.62208,3.02638
-4.10745,3.23289,1.6109,3.04111
-4.13638,3.27116,1.5996,3.05724
-4.16549,3.30915,1.58841,3.07399
-4.19413,3.34646,1.57729,3.09095
-4.22286,3.38389,1.56605,3.10793
-4.25187,3.42149,1.55488,3.12468
-4.28046,3.45855,1.5438,3.14108
-4.30806,3.49511,1.53346,-3.12657
-4.32491,3.52582,1.52643,-3.1138
-4.321,3.5465,1.52349,-3.10528
-4.29728,3.55747,1.52372,-3.10127
-4.25927,3.56156,1.52597,-3.10152
-4.2143,3.56185,1.52917,-3.10539
-4.16873,3.5607,1.53275,-3.11214
-4.11698,3.55917,1.53712,-3.1223
-4.06649,3.55782,1.54145,-3.13413
-4.01705,3.55675,1.54571,3.13566
-3.96916,3.55593,1.54995,3.12164
-3.92084,3.5552,1.55423,3.10693
-3.8673,3.55446,1.55893,3.08981
-3.81758,3.55385