-2.76773e-11,2.48133e-11,0.13,-9.17257e-18
-2.76773e-11,2.48133e-11,0.13,-1.15119e-17
-3.88685e-11,1.15919e-11,0.13,-1.37064e-17
-3.88685e-11,1.15919e-11,0.13,-1.62182e-17
-2.76773e-11,2.48133e-11,0.13,-1.89205e-17
-3.88685e-11,1.15919e-11,0.13,-2.10906e-17
-2.76773e-11,2.48133e-11,0.13,-2.38088e-17
-3.88685e-11,1.15919e-11,0.13,-2.60166e-17
-2.76773e-11,2.48133e-11,0.13,-2.87188e-17
-3.88685e-11,1.15919e-11,0.13,-3.08759e-17
-2.76773e-11,2.48133e-11,0.13,-3.35358e-17
-3.88685e-11,1.15919e-11,0.13,-3.57189e-17
-2.76773e-11,2.48133e-11,0.13,-3.83895e-17
-3.88685e-11,1.15919e-11,0.13,-4.05492e-17
-2.76773e-11,2.48133e-11,0.13,-4.32606e-17
-3.88686e-11,1.15919e-11,0.13,-4.54375e-17
-2.76773e-11,2.48133e-11,0.13,-4.81056e-17
-3.88686e-11,1.15919e-11,0.13,-5.02852e-17
-2.76774e-11,2.48133e-11,0.13,-5.29517e-17
0.000430646,3.86974e-08,0.144377,-2.32781e-08
0.0208361,7.38122e-06,0.255898,6.11086e-07
0.0677153,6.31972e-05,0.407492,8.87599e-06
0.103828,0.000193298,0.551216,8.32404e-06
0.121182,0.000216832,0.665775,-0.00657215
0.125356,-0.00195694,0.745271,-0.0340883
0.123772,-0.00622522,0.793079,-0.0731916
0.12161,-0.011367,0.81713,-0.116073
0.121095,-0.0166164,0.826619,-0.16213
0.122223,-0.0240683,0.827883,-0.224195
0.123209,-0.0338869,0.824478,-0.29339
0.122915,-0.0433335,0.819459,-0.361537
0.121989,-0.0506107,0.815657,-0.42225
0.119867,-0.0600693,0.812714,-0.505829
0.115933,-0.0701974,0.810358,-0.58683
0.110646,-0.0787827,0.808507,-0.660652
0.104778,-0.0861271,0.807875,-0.736122
0.0983705,-0.0937512,0.808156,-0.817888
0.0902779,-0.102069,0.807962,-0.901359
0.0814645,-0.108916,0.807431,-0.979564
0.0733887,-0.113967,0.807625,-1.05283
0.0646038,-0.119314,0.808213,-1.13481
0.0550025,-0.124426,0.80816,-1.21165
0.0435413,-0.128666,0.807618,-1.29612
0.0342277,-0.131057,0.808029,-1.37088
0.0238642,-0.133613,0.808504,-1.45441
0.0120687,-0.135542,0.808311,-1.53827
0.000907981,-0.13584,0.807687,-1.61603
-0.00843797,-0.135154,0.807707,-1.68783
-0.0183531,-0.134295,0.808248,-1.76813
-0.0299268,-0.132631,0.808143,-1.85012
-0.0406798,-0.129549,0.807613,-1.92694
-0.0494888,-0.12602,0.807797,-1.99899
-0.0588519,-0.122119,0.808363,-2.08003
-0.0692717,-0.11697,0.808263,-2.16267
-0.0785443,-0.110744,0.807705,-2.24003
-0.0858712,-0.104674,0.807906,-2.31308
-0.0938703,-0.0978999,0.808398,-2.3951
-0.102377,-0.0895679,0.808243,-2.47825
-0.109188,-0.0807301,0.807665,-2.55578
-0.114211,-0.0727391,0.807941,-2.62945
-0.119772,-0.0637717,0.8084,-2.71207
-0.125196,-0.0532457,0.80823,-2.79548
-0.128847,-0.0427562,0.807645,-2.87294
-0.134512,-0.0390978,0.810627,-2.95073
-0.204255,-0.113093,0.809677,-3.01254
-0.34714,-0.237935,0.798707,-3.04879
-0.466758,-0.347809,0.795676,-3.07844
-0.560941,-0.436963,0.798102,-3.10378
-0.605943,-0.481056,0.801578,-3.11952
-0.624698,-0.49917,0.804138,-3.13038
-0.631377,-0.504045,0.805595,-3.13821
-0.632792,-0.503419,0.805988,3.14011
-0.632802,-0.501542,0.805708,3.13715
-0.632676,-0.500184,0.805122,3.13578
-0.632702,-0.499473,0.804401,3.1354
-0.632836,-0.499322,0.803815,3.13573
-0.632973,-0.499386,0.803404,3.13642
-0.633073,-0.499496,0.803135,3.13726
-0.633129,-0.499588,0.802976,3.13811
-0.63315,-0.499657,0.802894,3.13891
-0.633152,-0.499711,0.802859,3.1396
-0.633144,-0.49976,0.80285,3.14018
-0.633135,-0.499806,0.802853,3.14064
-0.633127,-0.49985,0.802862,3.14099
-0.633121,-0.499889,0.802872,3.14125
-0.633117,-0.499921,0.802881,3.14143
-0.633114,-0.499948,0.802887,3.14156
-0.633113,-0.499968,0.802891,-3.14155
-0.633112,-0.499982,0.802894,-3.14151
-0.633112,-0.499992,0.802894,-3.14149
-0.633112,-0.499999,0.802894,-3.14149
-0.633112,-0.500003,0.802893,-3.1415
-0.633113,-0.500005,0.802893,-3.14151
-0.633113,-0.500006,0.802892,-3.14152
-0.633113,-0.500006,0.802891,-3.14154
-0.633113,-0.500006,0.80289,-3.14155
-0.633113,-0.500005,0.80289,-3.14156
-0.633113,-0.500004,0.802889,-3.14157
-0.633113,-0.500003,0.802889,-3.14158
-0.633113,-0.500002,0.802889,-3.14158
-0.633113,-0.500002,0.802889,-3.14159
-0.633113,-0.500001,0.802889,-3.14159
-0.633113,-0.500001,0.802889,-3.14159
-0.633113,-0.5,0.802889,3.14159
-0.633113,-0.5,0.802889,3.14159
-0.633113,-0.5,0.802889,3.14159
-0.633113,-0.5,0.802889,3.14159
-0.633113,-0.5,0.802889,3.14159
-0.633113,-0.5,0.802889,3.14159
-0.633113,-0.5,0.802889,3.14159
-0.633113,-0.5,0.802889,3.14159
-0.633113,-0.5,0.802889,3.14159
-0.633113,-0.5,0.802889,3.14159
-0.633113,-0.5,0.802889,3.14159
-0.633113,-0.5,0.802889,3.14159
-0.633113,-0.5,0.802889,3.14159
-0.633113,-0.5,0.802889,3.14159
-0.633113,-0.5,0.802889,3.14159
-0.633113,-0.5,0.802889,3.14159
-0.633113,-0.5,0.802889,-3.14159
-0.633113,-0.5,0.802889,-3.14159
-0.633113,-0.5,0.802889,-3.14159
-0.633113,-0.5,0.802889,-3.14159
-0.633113,-0.5,0.802889,-3.14159
-0.633113,-0.5,0.802889,-3.14159
-0.633113,-0.5,0.802889,-3.14159
-0.633113,-0.5,0.802889,-3.14159
-0.633113,-0.5,0.802889,-3.14159
-0.633113,-0.5,0.802889,-3.14159
-0.633113,-0.5,0.802889,-3.14159
-0.633113,-0.5,0.802889,-3.14159
-0.633113,-0.5,0.802889,-3.14159
-0.633113,-0.5,0.802889,-3.14159
-0.633113,-0.5,0.802889,-3.14159
-0.633113,-0.5,0.802889,-3.14159
-0.633113,-0.5,0.802889,3.14159
-0.633113,-0.5,0.802889,3.14159
-0.633113,-0.5,0.802889,3.14159
-0.633113,-0.5,0.802889,3.14159
-0.633113,-0.5,0.802889,3.14159
-0.633113,-0.5,0.802889,3.14159
-0.633113,-0.5,0.802889,3.14159
-0.633113,-0.5,0.802889,3.14159
-0.633113,-0.5,0.802889,3.14159
-0.633113,-0.5,0.802889,3.14159
-0.633113,-0.5,0.802889,3.14159
-0.633113,-0.5,0.802889,3.14159
-0.633113,-0.5,0.802889,3.14159
-0.633113,-0.5,0.802889,3.14159
-0.633113,-0.5,0.802889,3.14159
-0.633113,-0.5,0.802889,3.14159
-0.633113,-0.5,0.802889,-3.14159
-0.633113,-0.5,0.802889,-3.14159
-0.633113,-0.5,0.802889,-3.14159
-0.633113,-0.5,0.802889,-3.14159
-0.633113,-0.5,0.802889,-3.14159
-0.633113,-0.5,0.802889,-3.14159
-0.633113,-0.5,0.802889,-3.14159
-0.633113,-0.5,0.802889,-3.14159
-0.633113,-0.5,0.802889,-3.14159
-0.633113,-0.5,0.802889,-3.14159
-0.633113,-0.5,0.802889,-3.14159
-0.633113,-0.5,0.802889,-3.14159
-0.633113,-0.5,0.802889,-3.14159
-0.633113,-0.5,0.802889,-3.14159
-0.633113,-0.5,0.802889,-3.14159
-0.633113,-0.5,0.802889,3.14159
-0.633113,-0.5,0.802889,3.14159
-0.633113,-0.5,0.802889,3.14159
-0.633113,-0.5,0.802889,3.14159
-0.633113,-0.5,0.802889,3.14159
-0.633113,-0.5,0.802889,3.14159
-0.633113,-0.5,0.802889,3.14159
-0.633113,-0.5,0.802889,3.14159
-0.633113,-0.5,0.802889,3.14159
-0.633113,-0.5,0.802889,3.14159
-0.633113,-0.5,0.802889,3.14159
-0.633113,-0.5,0.802889,3.14159
-0.633113,-0.5,0.802889,3.14159
-0.633113,-0.5,0.802889,3.14159
-0.633113,-0.5,0.802889,3.14159
-0.633113,-0.5,0.802889,3.14159
-0.633113,-0.5,0.802889,3.14159
-0.633113,-0.5,0.802889,3.14159
-0.633113,-0.5,0.802889,3.14159
-0.633113,-0.5,0.802889,3.14159
-0.633113,-0.5,0.802889,3.14159
-0.633113,-0.5,0.802889,3.14159
-0.633113,-0.5,0.802889,3.14159
-0.633113,-0.5,0.802889,3.14159
-0.633113,-0.5,0.802889,3.14159
-0.633113,-0.5,0.802889,3.14159
-0.633113,-0.5,0.802889,3.14159
-0.633113,-0.5,0.802889,3.14159
-0.633113,-0.5,0.802889,3.14159
-0.633113,-0.5,0.802889,3.14159
-0.633113,-0.5,0.802889,3.14159
-0.633113,-0.5,0.802889,3.14159
-0.633113,-0.5,0.802889,3.14159
-0.633113,-0.5,0.802889,3.14159
-0.633113,-0.5,0.802889,3.14159
-0.633113,-0.5,0.802889,3.14159
-0.633113,-0.5,0.802889,3.14159
-0.633113,-0.5,0.802889,3.14159
-0.633113,-0.5,0.802889,3.14159
-0.633113,-0.5,0.802889,3.14159
-0.633113,-0.5,0.802889,3.14159
-0.633113,-0.5,0.802889,3.14159
-0.633113,-0.5,0.802889,3.14159
-0.633113,-0.5,0.802889,3.14159
-0.633113,-0.5,0.802889,3.14159
-0.633113,-0.5,0.802889,3.14159
-0.633113,-0.5,0.802889,3.14159
-0.633113,-0.5,0.802889,3.14159
-0.633113,-0.5,0.802889,3.14159
-0.633113,-0.5,0.802889,3.14159
-0.633113,-0.5,0.802889,3.14159
-0.633113,-0.5,0.802889,3.14159
-0.633113,-0.5,0.802889,3.14159
-0.633113,-0.5,0.802889,3.14159
-0.633113,-0.5,0.802889,3.14159
-0.633113,-0.5,0.802889,3.14159
-0.633113,-0.5,0.802889,3.14159
-0.633113,-0.5,0.802889,3.14159
-0.633113,-0.5,0.802889,3.14159
-0.633113,-0.5,0.802889,3.14159
-0.633113,-0.5,0.802889,3.14159
-0.633113,-0.5,0.802889,3.14159
-0.633113,-0.5,0.802889,3.14159
-0.633113,-0.5,0.802889,3.14159
-0.633113,-0.5,0.802889,3.14159
-0.633113,-0.5,0.802889,3.14159
-0.633113,-0.5,0.802889,3.14159
-0.633113,-0.5,0.802889,3.14159
-0.633113,-0.5,0.802889,3.14159
-0.633113,-0.5,0.802889,3.14159
-0.633113,-0.5,0.802889,3.14159
-0.633113,-0.5,0.802889,3.14159
-0.633113,-0.5,0.802889,3.14159
-0.633113,-0.5,0.802889,3.14159
-0.633113,-0.5,0.802889,3.14159
-0.633113,-0.5,0.802889,3.14159
-0.633113,-0.5,0.802889,3.14159
-0.633113,-0.5,0.802889,3.14159
-0.633113,-0.5,0.802889,3.14159
-0.633113,-0.5,0.802889,3.14159
-0.633113,-0.5,0.802889,3.14159
-0.633113,-0.5,0.802889,3.14159
-0.633113,-0.5,0.802889,3.14159
-0.633113,-0.5,0.802889,3.14159
-0.633113,-0.5,0.802889,3.14159
-0.633113,-0.5,0.802889,3.14159
-0.633113,-0.5,0.802889,3.14159
-0.633113,-0.5,0.802889,3.14159
-0.633113,-0.5,0.802889,3.14159
-0.633113,-0.5,0.802889,3.14159
-0.633113,-0.5,0.802889,3.14159
-0.633113,-0.5,0.802889,3.14159
-0.633113,-0.5,0.802889,3.14159
-0.633113,-0.5,0.802889,3.14159
-0.633113,-0.5,0.802889,3.14159
-0.633113,-0.5,0.802889,3.14159
-0.633113,-0.5,0.802889,3.14159
-0.633113,-0.5,0.802889,3.14159
-0.633113,-0.5,0.802889,3.14159
-0.633113,-0.5,0.802889,3.14159
-0.633113,-0.5,0.802889,3.14159
-0.633113,-0.5,0.802889,3.14159
-0.633113,-0.5,0.802889,3.14159
-0.633113,-0.5,0.802889,3.14159
-0.633113,-0.5,0.802889,3.14159
-0.633113,-0.5,0.802889,3.14159
-0.633113,-0.5,0.802889,3.14159
-0.633113,-0.5,0.802889,3.14159
-0.633113,-0.5,0.802889,3.14159
-0.633113,-0.5,0.802889,3.14159
-0.633113,-0.5,0.802889,3.14159
-0.633113,-0.5,0.802889,3.14159
-0.633113,-0.5,0.802889,3.14159
-0.633113,-0.5,0.802889,3.14159
-0.633113,-0.5,0.802889,3.14159
-0.633113,-0.5,0.802889,3.14159
-0.633113,-0.5,0.802889,3.14159
-0.633113,-0.5,0.802889,3.14159
-0.633113,-0.5,0.802889,3.14159
-0.633113,-0.5,0.802889,3.14159
-0.633113,-0.5,0.802889,3.14159
-0.633113,-0.5,0.802889,3.14159
-0.633113,-0.5,0.802889,3.14159
-0.633113,-0.5,0.802889,3.14159
-0.633113,-0.5,0.802889,3.14159
-0.633113,-0.5,0.802889,3.14159
-0.633113,-0.5,0.802889,3.14159
-0.633113,-0.5,0.802889,3.14159
-0.633113,-0.5,0.802889,3.14159
-0.633113,-0.5,0.802889,3.14159
-0.633113,-0.5,0.802889,3.14159
-0.633113,-0.5,0.802889,3.14159
-0.633113,-0.5,0.802889,3.14159
-0.633113,-0.5,0.802889,3.14159
-0.633113,-0.5,0.802889,3.14159
-0.633113,-0.5,0.802889,3.14159
-0.633113,-0.5,0.802889,3.14159
-0.633113,-0.5,0.802889,3.14159
-0.633113,-0.5,0.802889,3.14159
-0.633113,-0.5,0.802889,3.14159
-0.633113,-0.5,0.802889,3.14159
-0.633113,-0.5,0.802889,3.14159
-0.633113,-0.5,0.802889,3.14159
-0.633113,-0.5,0.802889,3.14159
-0.633113,-0.5,0.802889,3.14159
-0.633113,-0.5,0.802889,3.14159
-0.633113,-0.5,0.802889,3.14159
-0.633113,-0.5,0.802889,3.14159
-0.633113,-0.5,0.802889,3.14159
-0.633113,-0.5,0.802889,3.14159
-0.633113,-0.5,0.802889,3.14159
-0.633113,-0.5,0.802889,3.14159
-0.633113,-0.5,0.802889,3.14159
-0.633113,-0.5,0.802889,3.14159
-0.633113,-0.5,0.802889,3.14159
-0.633113,-0.5,0.802889,3.14159
-0.633113,-0.5,0.802889,3.14159
-0.633113,-0.5,0.802889,3.14159
-0.633113,-0.5,0.802889,3.14159
-0.633113,-0.5,0.802889,3.14159
-0.633113,-0.5,0.802889,3.14159
-0.633113,-0.5,0.802889,3.14159
-0.633113,-0.5,0.802889,3.14159
-0.633113,-0.5,0.802889,3.14159
-0.633113,-0.5,0.802889,3.14159
-0.633113,-0.5,0.802889,3.14159
-0.633113,-0.5,0.802889,3.14159
-0.633113,-0.5,0.802889,3.14159
-0.633113,-0.5,0.802889,3.14159
-0.633113,-0.5,0.802889,3.14159
-0.633113,-0.5,0.802889,3.14159
-0.633113,-0.5,0.802889,3.14159
-0.633113,-0.5,0.802889,3.14159
-0.633113,-0.5,0.802889,3.14159
-0.633113,-0.5,0.802889,3.14159
-0.633113,-0.5,0.802889,3.14159
-0.633113,-0.5,0.802889,3.14159
-0.633113,-0.5,0.802889,3.14159
-0.633113,-0.5,0.802889,3.14159
-0.633113,-0.5,0.802889,3.14159
-0.633113,-0.5,0.802889,3.14159
-0.633113,-0.5,0.802889,3.14159
-0.633113,-0.5,0.802889,3.14159
-0.633113,-0.5,0.802889,3.14159
-0.633113,-0.5,0.802889,3.14159
-0.633113,-0.5,0.802889,3.14159
-0.633113,-0.5,0.802889,3.14159
-0.633113,-0.5,0.802889,3.14159
-0.633113,-0.5,0.802889,3.14159
-0.633113,-0.5,0.802889,3.14159
-0.633113,-0.5,0.802889,3.14159
-0.633113,-0.5,0.802889,3.14159
-0.633113,-0.5,0.802889,3.14159
-0.633113,-0.5,0.802889,3.14159
-0.633113,-0.5,0.802889,3.14159
-0.633113,-0.5,0.802889,3.14159
-0.633113,-0.5,0.802889,3.14159
-0.633113,-0.5,0.802889,3.14159
-0.633113,-0.5,0.802889,3.14159
-0.633113,-0.5,0.802889,3.14159
-0.633113,-0.5,0.802889,3.14159
-0.633113,-0.5,0.802889,3.14159
-0.633113,-0.5,0.802889,3.14159
-0.633113,-0.5,0.802889,3.14159
-0.633113,-0.5,0.802889,3.14159
-0.633113,-0.5,0.802889,3.14159
-0.633113,-0.5,0.802889,3.14159
-0.633113,-0.5,0.802889,3.14159
-0.633113,-0.5,0.802889,3.14159
-0.633113,-0.5,0.802889,3.14159
-0.633113,-0.5,0.802889,3.14159
-0.633113,-0.5,0.802889,3.14159
-0.633113,-0.5,0.802889,3.14159
-0.633113,-0.5,0.802889,3.14159
-0.633113,-0.5,0.802889,3.14159
-0.633113,-0.5,0.802889,3.14159
-0.633113,-0.5,0.802889,3.14159
-0.633113,-0.5,0.802889,3.14159
-0.633113,-0.5,0.802889,3.14159
-0.633113,-0.5,0.802889,3.14159
-0.633113,-0.5,0.802889,3.14159
-0.633113,-0.5,0.802889,3.14159
-0.633113,-0.5,0.802889,3.14159
-0.633113,-0.5,0.802889,3.14159
-0.633113,-0.5,0.802889,3.14159
-0.633113,-0.5,0.802889,3.14159
-0.633113,-0.5,0.802889,3.14159
-0.633113,-0.5,0.802889,3.14159
-0.633113,-0.5,0.802889,3.14159
-0.633113,-0.5,0.802889,3.14159
-0.633113,-0.5,0.802889,3.14159
-0.633113,-0.5,0.802889,3.14159
-0.633113,-0.5,0.802889,3.14159
-0.633113,-0.5,0.802889,3.14159
-0.633113,-0.5,0.802889,3.14159
-0.633113,-0.5,0.802889,3.14159
-0.633113,-0.5,0.802889,3.14159
-0.633113,-0.5,0.802889,3.14159
-0.633113,-0.5,0.802889,3.14159
-0.633113,-0.5,0.802889,3.14159
-0.633113,-0.5,0.802889,3.14159
-0.633113,-0.5,0.802889,3.14159
-0.633113,-0.5,0.802889,3.14159
-0.633113,-0.5,0.802889,3.14159
-0.633113,-0.5,0.802889,3.14159
-0.633113,-0.5,0.802889,3.14159
-0.633113,-0.5,0.802889,3.14159
-0.633113,-0.5,0.802889,3.14159
-0.633113,-0.5,0.802889,3.14159
-0.633113,-0.5,0.802889,3.14159
-0.633113,-0.5,0.802889,3.14159
-0.633113,-0.5,0.802889,3.14159
-0.633113,-0.5,0.802889,3.14159
-0.633113,-0.5,0.802889,3.14159
-0.633113,-0.5,0.802889,3.14159
-0.633113,-0.5,0.802889,3.14159
-0.633113,-0.5,0.802889,3.14159
-0.633113,-0.5,0.802889,3.14159
-0.633113,-0.5,0.802889,3.14159
-0.633113,-0.5,0.802889,3.14159
-0.633113,-0.5,0.802889,3.14159
-0.633113,-0.5,0.802889,3.14159
-0.633113,-0.5,0.802889,3.14159
-0.633113,-0.5,0.802889,3.14159
-0.633113,-0.5,0.802889,3.14159
-0.633113,-0.5,0.802889,3.14159
-0.633113,-0.5,0.802889,3.14159
-0.633113,-0.5,0.802889,3.14159
-0.633113,-0.5,0.802889,3.14159
-0.633113,-0.5,0.802889,3.14159
-0.633113,-0.5,0.802889,3.14159
-0.633113,-0.5,0.802889,3.14159
-0.633113,-0.5,0.802889,3.14159
-0.633113,-0.5,0.802889,3.14159
-0.633113,-0.5,0.802889,3.14159
-0.633113,-0.5,0.802889,3.14159
-0.633113,-0.5,0.802889,3.14159
-0.633113,-0.5,0.802889,3.14159
-0.633113,-0.5,0.802889,3.14159
-0.633113,-0.5,0.802889,3.14159
-0.633113,-0.5,0.802889,3.14159
-0.633113,-0.5,0.802889,3.14159
-0.633113,-0.5,0.802889,3.14159
-0.633113,-0.5,0.802889,3.14159
-0.633113,-0.5,0.802889,3.14159
-0.633113,-0.5,0.802889,3.14159
-0.633113,-0.5,0.802889,3.14159
-0.633113,-0.5,0.802889,3.14159
-0.633113,-0.5,0.802889,3.14159
-0.633113,-0.5,0.802889,3.14159
-0.633113,-0.5,0.802889,3.14159
-0.633113,-0.5,0.802889,3.14159
-0.633113,-0.5,0.802889,3.14159
-0.633113,-0.5,0.802889,3.14159
-0.633113,-0.5,0.802889,3.14159
-0.633113,-0.5,0.802889,3.14159
-0.633113,-0.5,0.802889,3.14159
-0.633113,-0.5,0.802889,3.14159
-0.633113,-0.5,0.802889,3.14159
-0.633113,-0.5,0.802889,3.14159
-0.633113,-0.5,0.802889,3.14159
-0.633113,-0.5,0.802889,3.14159
-0.633113,-0.5,0.802889,3.14159
-0.633113,-0.5,0.802889,3.14159
-0.633113,-0.5,0.802889,3.14159
-0.633113,-0.5,0.802889,3.14159
-0.633113,-0.5,0.802889,3.14159
-0.633113,-0.5,0.802889,3.14159
-0.633113,-0.5,0.802889,3.14159
-0.633113,-0.5,0.802889,3.14159
-0.633113,-0.5,0.802889,3.14159
-0.633113,-0.5,0.802889,3.14159
-0.633113,-0.5,0.802889,3.14159
-0.633113,-0.5,0.802889,3.14159
-0.633113,-0.5,0.802889,3.14159
-0.633113,-0.5,0.802889,3.14159
-0.633113,-0.5,0.802889,3.14159
-0.633113,-0.5,0.802889,3.14159
-0.633113,-0.5,0.802889,3.14159
-0.633113,-0.5,0.802889,3.14159
-0.633113,-0.5,0.802889,3.14159
-0.633113,-0.5,0.802889,3.14159
-0.633113,-0.5,0.802889,3.14159
-0.633113,-0.5,0.802889,3.14159
-0.633113,-0.5,0.802889,3.14159
-0.633113,-0.5,0.802889,3.14159
-0.633113,-0.5,0.802889,3.14159
-0.633113,-0.5,0.802889,3.14159
-0.633113,-0.5,0.802889,3.14159
-0.633113,-0.5,0.802889,3.14159
-0.633113,-0.5,0.802889,3.14159
-0.633113,-0.5,0.802889,3.14159
-0.633113,-0.5,0.802889,3.14159
-0.633113,-0.5,0.802889,3.14159
-0.633113,-0.5,0.802889,3.14159
-0.633113,-0.5,0.802889,3.14159
-0.633113,-0.5,0.802889,3.14159
-0.633113,-0.5,0.802889,3.14159
-0.633113,-0.5,0.802889,3.14159
-0.633113,-0.5,0.802889,3.14159
-0.633113,-0.5,0.802889,3.14159
-0.633113,-0.5,0.802889,3.14159
-0.633113,-0.5,0.802889,3.14159
-0.633113,-0.5,0.802889,3.14159
-0.633113,-0.5,0.802889,3.14159
-0.633113,-0.5,0.802889,3.14159
-0.633113,-0.5,0.802889,3.14159
-0.633113,-0.5,0.802889,3.14159
-0.633113,-0.5,0.802889,3.14159
-0.633113,-0.5,0.802889,3.14159
-0.633113,-0.5,0.802889,3.14159
-0.633113,-0.5,0.802889,3.14159
-0.633113,-0.5,0.802889,3.14159
-0.633113,-0.5,0.802889,3.14159
-0.633113,-0.5,0.802889,3.14159
-0.633113,-0.5,0.802889,3.14159
-0.633113,-0.5,0.802889,3.14159
-0.633113,-0.5,0.802889,3.14159
-0.633113,-0.5,0.802889,3.14159
-0.633113,-0.5,0.802889,3.14159
-0.633113,-0.5,0.802889,3.14159
-0.633113,-0.5,0.802889,3.14159
-0.633113,-0.5,0.802889,3.14159
-0.633113,-0.5,0.802889,3.14159
-0.633113,-0.5,0.802889,3.14159
-0.633113,-0.5,0.802889,3.14159
-0.633113,-0.5,0.802889,3.14159
-0.633113,-0.5,0.802889,3.14159
-0.633113,-0.5,0.802889,3.14159
-0.633113,-0.5,0.802889,3.14159
-0.633113,-0.5,0.802889,3.14159
-0.633113,-0.5,0.802889,3.14159
-0.633113,-0.5,0.802889,3.14159
-0.633113,-0.5,0.802889,3.14159
-0.633113,-0.5,0.802889,3.14159
-0.633113,-0.5,0.802889,3.14159
-0.633113,-0.5,0.802889,3.14159
-0.633113,-0.5,0.802889,3.14159
-0.633113,-0.5,0.802889,3.14159
-0.633113,-0.5,0.802889,3.14159
-0.633113,-0.5,0.802889,3.14159
-0.633113,-0.5,0.802889,3.14159
-0.633113,-0.5,0.802889,3.14159
-0.633113,-0.5,0.802889,3.14159
-0.633113,-0.5,0.802889,3.14159
-0.633113,-0.5,0.802889,3.14159
-0.633113,-0.5,0.802889,3.14159
-0.633113,-0.5,0.802889,3.14159
-0.633113,-0.5,0.802889,3.14159
-0.633113,-0.5,0.802889,3.14159
-0.633113,-0.5,0.802889,3.14159
-0.633113,-0.5,0.802889,3.14159
-0.633113,-0.5,0.802889,3.14159
-0.633113,-0.5,0.802889,3.14159
-0.633113,-0.5,0.802889,3.14159
-0.633113,-0.5,0.802889,3.14159
-0.633113,-0.5,0.802889,3.14159
-0.633113,-0.5,0.802889,3.14159
-0.633113,-0.5,0.802889,3.14159
-0.633113,-0.5,0.802889,3.14159
-0.633113,-0.5,0.802889,3.14159
-0.633113,-0.5,0.802889,3.14159
-0.633113,-0.5,0.802889,3.14159
-0.633113,-0.5,0.802889,3.14159
-0.633113,-0.5,0.802889,3.14159
-0.633113,-0.5,0.802889,3.14159
-0.633113,-0.5,0.802889,3.14159
-0.633113,-0.5,0.802889,3.14159
-0.633113,-0.5,0.802889,3.14159
-0.633113,-0.5,0.802889,3.14159
-0.633113,-0.5,0.802889,3.14159
-0.633113,-0.5,0.802889,3.14159
-0.633113,-0.5,0.802889,3.14159
-0.633113,-0.5,0.802889,3.14159
-0.633113,-0.5,0.802889,3.14159
-0.633113,-0.5,0.802889,3.14159
-0.633113,-0.5,0.802889,3.14159
-0.633113,-0.5,0.802889,3.14159
-0.633113,-0.5,0.802889,3.14159
-0.633113,-0.5,0.802889,3.14159
-0.633113,-0.5,0.802889,3.14159
-0.633113,-0.5,0.802889,3.14159
-0.633113,-0.5,0.802889,3.14159
-0.633113,-0.5,0.802889,3.14159
-0.633113,-0.5,0.802889,3.14159
-0.633113,-0.5,0.802889,3.14159
-0.633113,-0.5,0.802889,3.14159
-0.633113,-0.5,0.802889,3.14159
-0.633113,-0.5,0.802889,3.14159
-0.633113,-0.5,0.802889,3.14159
-0.633113,-0.5,0.802889,3.14159
-0.633113,-0.5,0.802889,3.14159
-0.633113,-0.5,0.802889,3.14159
-0.633113,-0.5,0.802889,3.14159
-0.633113,-0.5,0.802889,3.14159
-0.633113,-0.5,0.802889,3.14159
-0.633113,-0.5,0.802889,3.14159
-0.633113,-0.5,0.802889,3.14159
-0.633113,-0.5,0.802889,3.14159
-0.633113,-0.5,0.802889,3.14159
-0.633113,-0.5,0.802889,3.14159
-0.633113,-0.5,0.802889,3.14159
-0.633113,-0.5,0.802889,3.14159
-0.633113,-0.5,0.802889,3.14159
-0.633113,-0.5,0.802889,3.14159
-0.633113,-0.5,0.802889,3.14159
-0.633113,-0.5,0.802889,3.14159
-0.633113,-0.5,0.802889,3.14159
-0.633113,-0.5,0.802889,3.14159
-0.633113,-0.5,0.802889,3.14159
-0.633113,-0.5,0.802889,3.14159
-0.633113,-0.5,0.802889,3.14159
-0.633113,-0.5,0.802889,3.14159
-0.633113,-0.5,0.802889,3.14159
-0.633113,-0.5,0.802889,3.14159
-0.633113,-0.5,0.802889,3.14159
-0.633113,-0.5,0.802889,3.14159
-0.633113,-0.5,0.802889,3.14159
-0.633113,-0.5,0.802889,3.14159
-0.633113,-0.5,0.802889,3.14159
-0.633113,-0.5,0.802889,3.14159
-0.633113,-0.5,0.802889,3.14159
-0.633113,-0.5,0.802889,3.14159
-0.633113,-0.5,0.802889,3.14159
-0.633113,-0.5,0.802889,3.14159
-0.633113,-0.5,0.802889,3.14159
-0.633113,-0.5,0.802889,3.14159
-0.633113,-0.5,0.802889,3.14159
-0.633113,-0.5,0.802889,3.14159
-0.633113,-0.5,0.802889,3.14159
-0.633113,-0.5,0.802889,3.14159
-0.633113,-0.5,0.802889,3.14159
-0.633113,-0.5,0.802889,3.14159
-0.633113,-0.5,0.802889,3.14159
-0.633113,-0.5,0.802889,3.14159
-0.633113,-0.5,0.802889,3.14159
-0.633113,-0.5,0.802889,3.14159
-0.633113,-0.5,0.802889,3.14159
-0.633113,-0.5,0.802889,3.14159
-0.633113,-0.5,0.802889,3.14159
-0.633113,-0.5,0.802889,3.14159
-0.633113,-0.5,0.802889,3.14159
-0.633113,-0.5,0.802889,3.14159
-0.633113,-0.5,0.802889,3.14159
-0.633113,-0.5,0.802889,3.14159
-0.633113,-0.5,0.802889,3.14159
-0.633113,-0.5,0.802889,3.14159
-0.633113,-0.5,0.802889,3.14159
-0.633113,-0.5,0.802889,3.14159
-0.633113,-0.5,0.802889,3.14159
-0.633113,-0.5,0.802889,3.14159
-0.633113,-0.5,0.802889,3.14159
-0.633113,-0.5,0.802889,3.14159
-0.633113,-0.5,0.802889,3.14159
-0.633113,-0.5,0.802889,3.14159
-0.633113,-0.5,0.802889,3.14159
-0.633113,-0.5,0.802889,3.14159
-0.633113,-0.5,0.802889,3.14159
-0.633113,-0.5,0.802889,3.14159
-0.633113,-0.5,0.802889,3.14159
-0.633113,-0.5,0.802889,3.14159
-0.633113,-0.5,0.802889,3.14159
-0.633113,-0.5,0.802889,3.14159
-0.633113,-0.5,0.802889,3.14159
-0.633113,-0.5,0.802889,3.14159
-0.633113,-0.5,0.802889,3.14159
-0.633113,-0.5,0.802889,3.14159
-0.633113,-0.5,0.802889,3.14159
-0.633113,-0.5,0.802889,3.14159
-0.633113,-0.5,0.802889,3.14159
-0.633113,-0.5,0.802889,3.14159
-0.633113,-0.5,0.802889,3.14159
-0.633113,-0.5,0.802889,3.14159
-0.633113,-0.5,0.802889,3.14159
-0.633113,-0.5,0.802889,3.14159
-0.633113,-0.5,0.802889,3.14159
-0.633113,-0.5,0.802889,3.14159
-0.633113,-0.5,0.802889,3.14159
-0.633113,-0.5,0.802889,3.14159
-0.633113,-0.5,0.802889,3.14159
-0.633113,-0.5,0.802889,3.14159
-0.633113,-0.5,0.802889,3.14159
-0.633113,-0.5,0.802889,3.14159
-0.633113,-0.5,0.802889,3.14159
-0.633113,-0.5,0.802889,3.14159
-0.633113,-0.5,0.802889,3.14159
-0.633113,-0.5,0.802889,3.14159
-0.633113,-0.5,0.802889,3.14159
-0.633113,-0.5,0.802889,3.14159
-0.633113,-0.5,0.802889,3.14159
-0.633113,-0.5,0.802889,3.14159
-0.633113,-0.5,0.802889,3.14159
-0.633113,-0.5,0.802889,3.14159
-0.633113,-0.5,0.802889,3.14159
-0.633113,-0.5,0.802889,3.14159
-0.633113,-0.5,0.802889,3.14159
-0.633113,-0.5,0.802889,3.14159
-0.633113,-0.5,0.802889,3.14159
-0.633113,-0.5,0.802889,3.14159
-0.633113,-0.5,0.802889,3.14159
-0.633113,-0.5,0.802889,3.14159
-0.633113,-0.5,0.802889,3.14159
-0.633113,-0.5,0.802889,3.14159
-0.633113,-0.5,0.802889,3.14159
-0.633113,-0.5,0.802889,3.14159
-0.633113,-0.5,0.802889,3.14159
-0.633113,-0.5,0.802889,3.14159
-0.633113,-0.5,0.802889,3.14159
-0.633113,-0.5,0.802889,3.14159
-0.633113,-0.5,0.802889,3.14159
-0.633113,-0.5,0.802889,3.14159
-0.633113,-0.5,0.802889,3.14159
-0.633113,-0.5,0.802889,3.14159
-0.633113,-0.5,0.802889,3.14159
-0.633113,-0.5,0.802889,3.14159
-0.633113,-0.5,0.802889,3.14159
-0.633113,-0.5,0.802889,3.14159
-0.633113,-0.5,0.802889,3.14159
-0.633113,-0.5,0.802889,3.14159
-0.633113,-0.5,0.802889,3.14159
-0.633113,-0.5,0.802889,3.14159
-0.633113,-0.5,0.802889,3.14159
-0.633113,-0.5,0.802889,3.14159
-0.633113,-0.5,0.802889,3.14159
-0.633113,-0.5,0.802889,3.14159
-0.633113,-0.5,0.802889,3.14159
-0.633113,-0.5,0.802889,3.14159
-0.633113,-0.5,0.802889,3.14159
-0.633113,-0.5,0.802889,3.14159
-0.633113,-0.5,0.802889,3.14159
-0.633113,-0.5,0.802889,3.14159
-0.633113,-0.5,0.802889,3.14159
-0.633113,-0.5,0.802889,3.14159
-0.633113,-0.5,0.802889,3.14159
-0.633113,-0.5,0.802889,3.14159
-0.633113,-0.5,0.802889,3.14159
-0.633113,-0.5,0.802889,3.14159
-0.633113,-0.5,0.802889,3.14159