-0.632477,-0.504145,0.803979,-3.13904
-0.649352,-0.496631,0.811644,-3.14101
-0.666228,-0.489116,0.819309,3.14021
-0.683103,-0.481602,0.826974,3.13824
-0.699979,-0.474087,0.834639,3.13628
-0.716854,-0.466573,0.842303,3.13431
-0.73373,-0.459058,0.849968,3.13234
-0.750605,-0.451544,0.857633,3.13038
-0.767481,-0.444029,0.865298,3.12841
-0.784356,-0.436515,0.872963,3.12644
-0.801232,-0.429,0.880628,3.12447
-0.818107,-0.421486,0.888293,3.12251
-0.834983,-0.413972,0.895958,3.12054
-0.851858,-0.406457,0.903623,3.11857
-0.868734,-0.398943,0.911287,3.1166
-0.885609,-0.391428,0.918952,3.11464
-0.902485,-0.383914,0.926617,3.11267
-0.91936,-0.376399,0.934282,3.1107
-0.936236,-0.368885,0.941947,3.10874
-0.953111,-0.36137,0.949612,3.10677
-0.969987,-0.353856,0.957277,3.1048
-0.986862,-0.346341,0.964942,3.10283
-1.00374,-0.338827,0.972606,3.10087
-1.02061,-0.331312,0.980271,3.0989
-1.03749,-0.323798,0.987936,3.09693
-1.05436,-0.316284,0.995601,3.09497
-1.07124,-0.308769,1.00327,3.093
-1.08812,-0.301255,1.01093,3.09103
-1.10499,-0.29374,1.0186,3.08906
-1.12187,-0.286226,1.02626,3.0871
-1.13874,-0.278711,1.03393,3.08513
-1.15562,-0.271197,1.04159,3.08316
-1.17249,-0.263682,1.04926,3.08119
-1.18937,-0.256168,1.05692,3.07923
-1.20624,-0.248653,1.06459,3.07726
-1.22312,-0.241139,1.07225,3.07529
-1.23999,-0.233624,1.07991,3.07333
-1.25687,-0.22611,1.08758,3.07136
-1.27375,-0.218595,1.09524,3.06939
-1.29062,-0.211081,1.10291,3.06742
-1.3075,-0.203567,1.11057,3.06546
-1.32437,-0.196052,1.11824,3.06349
-1.34125,-0.188538,1.1259,3.06152
-1.35812,-0.181023,1.13357,3.05956
-1.375,-0.173509,1.14123,3.05759
-1.39187,-0.165994,1.1489,3.05562
-1.40875,-0.15848,1.15656,3.05365
-1.42563,-0.150965,1.16423,3.05169
-1.4425,-0.143451,1.17189,3.04972
-1.45938,-0.135936,1.17956,3.04775
-1.47625,-0.128422,1.18722,3.04578
-1.48697,-0.143411,1.19499,3.0425
-1.49769,-0.1584,1.20276,3.03922
-1.50842,-0.173389,1.21053,3.03594
-1.51914,-0.188378,1.21831,3.03266
-1.52986,-0.203367,1.22608,3.02938
-1.54058,-0.218356,1.23385,3.02609
-1.5513,-0.233345,1.24162,3.02281
-1.56202,-0.248334,1.24939,3.01953
-1.57275,-0.263323,1.25716,3.01625
-1.58347,-0.278312,1.26493,3.01297
-1.59419,-0.293301,1.2727,3.00969
-1.60491,-0.30829,1.28047,3.0064
-1.61563,-0.323278,1.28824,3.00312
-1.62635,-0.338267,1.29601,2.99984
-1.63707,-0.353256,1.30378,2.99656
-1.6478,-0.368245,1.31155,2.99328
-1.65852,-0.383234,1.31932,2.99
-1.66924,-0.398223,1.32709,2.98671
-1.67996,-0.413212,1.33486,2.98343
-1.69068,-0.428201,1.34263,2.98015
-1.7014,-0.44319,1.3504,2.97687
-1.71212,-0.458179,1.35817,2.97359
-1.72285,-0.473168,1.36594,2.97031
-1.73357,-0.488157,1.37371,2.96702
-1.74429,-0.503146,1.38149,2.96374
-1.75501,-0.518135,1.38926,2.96046
-1.76573,-0.533124,1.39703,2.95718
-1.77645,-0.548113,1.4048,2.9539
-1.78718,-0.563102,1.41257,2.95062
-1.7979,-0.578091,1.42034,2.94733
-1.80862,-0.59308,1.42811,2.94405
-1.81934,-0.608069,1.43588,2.94077
-1.83006,-0.623058,1.44365,2.93749
-1.84078,-0.638047,1.45142,2.93421
-1.8515,-0.653036,1.45919,2.93093
-1.86223,-0.668025,1.46696,2.92764
-1.87295,-0.683014,1.47473,2.92436
-1.88367,-0.698003,1.4825,2.92108
-1.89439,-0.712992,1.49027,2.9178
-1.90511,-0.727981,1.49804,2.91452
-1.91583,-0.74297,1.50581,2.91124
-1.92655,-0.757959,1.51358,2.90795
-1.93728,-0.772948,1.52135,2.90467
-1.948,-0.787936,1.52912,2.90139
-1.95872,-0.802925,1.53689,2.89811
-1.96944,-0.817914,1.54467,2.89483
-1.98016,-0.832903,1.55244,2.89155
-1.99088,-0.847892,1.56021,2.88826
-2.00161,-0.862881,1.56798,2.88498
-2.01233,-0.87787,1.57575,2.8817
-2.02201,-0.868347,1.59043,2.86983
-2.0317,-0.858824,1.60511,2.85796
-2.04139,-0.849301,1.61979,2.8461
-2.05107,-0.839778,1.63447,2.83423
-2.06076,-0.830255,1.64914,2.82236
-2.07044,-0.820731,1.66382,2.81049
-2.08013,-0.811208,1.6785,2.79862
-2.08982,-0.801685,1.69318,2.78676
-2.0995,-0.792162,1.70786,2.77489
-2.10919,-0.782639,1.72254,2.76302
-2.11887,-0.773116,1.73722,2.75115
-2.12856,-0.763593,1.7519,2.73928
-2.13825,-0.75407,1.76658,2.72742
-2.14793,-0.744546,1.78126,2.71555
-2.15762,-0.735023,1.79594,2.70368
-2.16731,-0.7255,1.81062,2.69181
-2.17699,-0.715977,1.8253,2.67994
-2.18668,-0.706454,1.83998,2.66808
-2.19636,-0.696931,1.85466,2.65621
-2.20605,-0.687408,1.86934,2.64434
-2.21574,-0.677884,1.88402,2.63247
-2.22542,-0.668361,1.8987,2.6206
-2.23511,-0.658838,1.91338,2.60874
-2.24479,-0.649315,1.92806,2.59687
-2.25448,-0.639792,1.94273,2.585
-2.26417,-0.630269,1.95741,2.57313
-2.27385,-0.620746,1.97209,2.56126
-2.28354,-0.611222,1.98677,2.5494
-2.29323,-0.601699,2.00145,2.53753
-2.30291,-0.592176,2.01613,2.52566
-2.3126,-0.582653,2.03081,2.51379
-2.32228,-0.57313,2.04549,2.50192
-2.33197,-0.563607,2.06017,2.49006
-2.34166,-0.554084,2.07485,2.47819
-2.35134,-0.544561,2.08953,2.46632
-2.36103,-0.535037,2.10421,2.45445
-2.37071,-0.525514,2.11889,2.44258
-2.3804,-0.515991,2.13357,2.43072
-2.39009,-0.506468,2.14825,2.41885
-2.39977,-0.496945,2.16293,2.40698
-2.40946,-0.487422,2.17761,2.39511
-2.41915,-0.477899,2.19229,2.38324
-2.42883,-0.468375,2.20697,2.37138
-2.43852,-0.458852,2.22165,2.35951
-2.4482,-0.449329,2.23633,2.34764
-2.45789,-0.439806,2.251,2.33577
-2.46758,-0.430283,2.26568,2.3239
-2.47726,-0.42076,2.28036,2.31204
-2.48695,-0.411237,2.29504,2.30017
-2.49664,-0.401713,2.30972,2.2883
-2.50762,-0.385458,2.30584,2.28785
-2.51861,-0.369203,2.30197,2.28739
-2.5296,-0.352948,2.29809,2.28694
-2.54059,-0.336693,2.29421,2.28649
-2.55158,-0.320438,2.29033,2.28603
-2.56256,-0.304183,2.28646,2.28558
-2.57355,-0.287928,2.28258,2.28513
-2.58454,-0.271673,2.2787,2.28467
-2.59553,-0.255418,2.27482,2.28422
-2.60652,-0.239163,2.27094,2.28377
-2.6175,-0.222908,2.26707,2.28331
-2.62849,-0.206653,2.26319,2.28286
-2.63948,-0.190398,2.25931,2.28241
-2.65047,-0.174143,2.25543,2.28195
-2.66146,-0.157888,2.25156,2.2815
-2.67244,-0.141633,2.24768,2.28105
-2.68343,-0.125378,2.2438,2.28059
-2.69442,-0.109123,2.23992,2.28014
-2.70541,-0.0928682,2.23604,2.27969
-2.7164,-0.0766132,2.23217,2.27923
-2.72738,-0.0603582,2.22829,2.27878
-2.73837,-0.0441032,2.22441,2.27833
-2.74936,-0.0278482,2.22053,2.27787
-2.76035,-0.0115931,2.21666,2.27742
-2.77134,0.00466187,2.21278,2.27697
-2.78232,0.0209169,2.2089,2.27651
-2.79331,0.0371719,2.20502,2.27606
-2.8043,0.0534269,2.20114,2.27561
-2.81529,0.0696819,2.19727,2.27515
-2.82628,0.0859369,2.19339,2.2747
-2.83726,0.102192,2.18951,2.27425
-2.84825,0.118447,2.18563,2.27379
-2.85924,0.134702,2.18175,2.27334
-2.87023,0.150957,2.17788,2.27289
-2.88122,0.167212,2.174,2.27243
-2.8922,0.183467,2.17012,2.27198
-2.90319,0.199722,2.16624,2.27153
-2.91418,0.215977,2.16237,2.27107
-2.92517,0.232232,2.15849,2.27062
-2.93616,0.248487,2.15461,2.27017
-2.94714,0.264742,2.15073,2.26971
-2.95813,0.280997,2.14685,2.26926
-2.96912,0.297252,2.14298,2.26881
-2.98011,0.313507,2.1391,2.26835
-2.9911,0.329762,2.13522,2.2679
-3.00209,0.346017,2.13134,2.26745
-3.01307,0.362272,2.12747,2.26699
-3.02406,0.378527,2.12359,2.26654
-3.03505,0.394782,2.11971,2.26609
-3.04604,0.411037,2.11583,2.26563
-3.05178,0.430087,2.11382,2.22032
-3.05753,0.449137,2.1118,2.17501
-3.06328,0.468188,2.10978,2.1297
-3.06903,0.487238,2.10777,2.08439
-3.07477,0.506288,2.10575,2.03908
-3.08052,0.525338,2.10373,1.99377
-3.08627,0.544388,2.10172,1.94846
-3.09201,0.563438,2.0997,1.90315
-3.09776,0.582488,2.09769,1.85784
-3.10351,0.601538,2.09567,1.81253
-3.10925,0.620589,2.09365,1.76722
-3.115,0.639639,2.09164,1.72191
-3.12075,0.658689,2.08962,1.6766
-3.1265,0.677739,2.08761,1.63129
-3.13224,0.696789,2.08559,1.58598
-3.13799,0.715839,2.08357,1.54067
-3.14374,0.734889,2.08156,1.49536
-3.14948,0.753939,2.07954,1.45005
-3.15523,0.77299,2.07753,1.40474
-3.16098,0.79204,2.07551,1.35943
-3.16672,0.81109,2.07349,1.31412
-3.17247,0.83014,2.07148,1.26881
-3.17822,0.84919,2.06946,1.2235
-3.18397,0.86824,2.06744,1.17819
-3.18971,0.88729,2.06543,1.13288
-3.19546,0.90634,2.06341,1.08756
-3.20121,0.925391,2.0614,1.04225
-3.20695,0.944441,2.05938,0.996944
-3.2127,0.963491,2.05736,0.951634
-3.21845,0.982541,2.05535,0.906324
-3.22419,1.00159,2.05333,0.861013
-3.22994,1.02064,2.05132,0.815703
-3.23569,1.03969,2.0493,0.770393
-3.24143,1.05874,2.04728,0.725082
-3.24718,1.07779,2.04527,0.679772
-3.25293,1.09684,2.04325,0.634462
-3.25868,1.11589,2.04123,0.589151
-3.26442,1.13494,2.03922,0.543841
-3.27017,1.15399,2.0372,0.498531
-3.27592,1.17304,2.03519,0.45322
-3.28166,1.19209,2.03317,0.40791
-3.28741,1.21114,2.03115,0.3626
-3.29316,1.23019,2.02914,0.317289
-3.2989,1.24924,2.02712,0.271979
-3.30465,1.26829,2.02511,0.226669
-3.3104,1.28734,2.02309,0.181358
-3.31615,1.30639,2.02107,0.136048
-3.32189,1.32544,2.01906,0.0907375
-3.32764,1.34449,2.01704,0.0454272
-3.33339,1.36354,2.01503,0.000116856
-3.33232,1.38325,2.0118,0.0427586
-3.33125,1.40296,2.00858,0.0854003
-3.33018,1.42267,2.00536,0.128042
-3.3291,1.44238,2.00214,0.170684
-3.32803,1.46209,1.99891,0.213326
-3.32696,1.4818,1.99569,0.255967
-3.32589,1.50151,1.99247,0.298609
-3.32482,1.52122,1.98924,0.341251
-3.32375,1.54093,1.98602,0.383892
-3.32268,1.56064,1.9828,0.426534
-3.32161,1.58035,1.97958,0.469176
-3.32054,1.60006,1.97635,0.511818
-3.31947,1.61977,1.97313,0.554459
-3.3184,1.63948,1.96991,0.597101
-3.31733,1.65919,1.96669,0.639743
-3.31626,1.6789,1.96346,0.682385
-3.31519,1.69861,1.96024,0.725026
-3.31412,1.71832,1.95702,0.767668
-3.31305,1.73803,1.9538,0.81031
-3.31198,1.75774,1.95057,0.852952
-3.31091,1.77745,1.94735,0.895593
-3.30984,1.79716,1.94413,0.938235
-3.30877,1.81687,1.94091,0.980877
-3.3077,1.83657,1.93768,1.02352
-3.30663,1.85628,1.93446,1.06616
-3.30556,1.87599,1.93124,1.1088
-3.30448,1.8957,1.92802,1.15144
-3.30341,1.91541,1.92479,1.19409
-3.30234,1.93512,1.92157,1.23673
-3.30127,1.95483,1.91835,1.27937
-3.3002,1.97454,1.91513,1.32201
-3.29913,1.99425,1.9119,1.36465
-3.29806,2.01396,1.90868,1.40729
-3.29699,2.03367,1.90546,1.44994
-3.29592,2.05338,1.90224,1.49258
-3.29485,2.07309,1.89901,1.53522
-3.29378,2.0928,1.89579,1.57786
-3.29271,2.11251,1.89257,1.6205
-3.29164,2.13222,1.88935,1.66314
-3.29057,2.15193,1.88612,1.70579
-3.2895,2.17164,1.8829,1.74843
-3.28843,2.19135,1.87968,1.79107
-3.28736,2.21106,1.87646,1.83371
-3.28629,2.23077,1.87323,1.87635
-3.28522,2.25048,1.87001,1.91899
-3.28415,2.27019,1.86679,1.96164
-3.28308,2.2899,1.86357,2.00428
-3.28201,2.30961,1.86034,2.04692
-3.28094,2.32932,1.85712,2.08956
-3.27986,2.34903,1.8539,2.1322
-3.27956,2.36886,1.85648,2.13121
-3.27925,2.38869,1.85906,2.13022
-3.27894,2.40852,1.86164,2.12923
-3.27863,2.42835,1.86422,2.12824
-3.27832,2.44818,1.8668,2.12725
-3.27802,2.46801,1.86938,2.12626
-3.27771,2.48784,1.87196,2.12527
-3.2774,2.50767,1.87454,2.12428
-3.27709,2.5275,1.87711,2.12329
-3.27679,2.54733,1.87969,2.12229
-3.27648,2.56716,1.88227,2.1213
-3.27617,2.58699,1.88485,2.12031
-3.27586,2.60682,1.88743,2.11932
-3.27555,2.62665,1.89001,2.11833
-3.27525,2.64648,1.89259,2.11734
-3.27494,2.66631,1.89517,2.11635
-3.27463,2.68614,1.89775,2.11536
-3.27432,2.70598,1.90033,2.11437
-3.27401,2.72581,1.90291,2.11338
-3.27371,2.74564,1.90549,2.11238
-3.2734,2.76547,1.90807,2.11139
-3.27309,2.7853,1.91065,2.1104
-3.27278,2.80513,1.91323,2.10941
-3.27247,2.82496,1.91581,2.10842
-3.27217,2.84479,1.91839,2.10743
-3.27186,2.86462,1.92096,2.10644
-3.27155,2.88445,1.92354,2.10545
-3.27124,2.90428,1.92612,2.10446
-3.27093,2.92411,1.9287,2.10347
-3.27063,2.94394,1.93128,2.10248
-3.27032,2.96377,1.93386,2.10148
-3.27001,2.9836,1.93644,2.10049
-3.2697,3.00343,1.93902,2.0995
-3.26939,3.02326,1.9416,2.09851
-3.26909,3.0431,1.94418,2.09752
-3.26878,3.06293,1.94676,2.09653
-3.26847,3.08276,1.94934,2.09554
-3.26816,3.10259,1.95192,2.09455
-3.26785,3.12242,1.9545,2.09356
-3.26755,3.14225,1.95708,2.09257
-3.26724,3.16208,1.95966,2.09157
-3.26693,3.18191,1.96224,2.09058
-3.26662,3.20174,1.96482,2.08959
-3.26631,3.22157,1.96739,2.0886
-3.26601,3.2414,1.96997,2.08761
-3.2657,3.26123,1.97255,2.08662
-3.26539,3.28106,1.97513,2.08563
-3.26508,3.30089,1.97771,2.08464
-3.26477,3.32072,1.98029,2.08365
-3.26447,3.34055,1.98287,2.08266
-3.2457,3.33819,1.98938,2.07311
-3.22694,3.33582,1.99589,2.06357
-3.20818,3.33345,2.0024,2.05402
-3.18942,3.33109,2.00891,2.04448
-3.17066,3.32872,2.01542,2.03493
-3.1519,3.32635,2.02194,2.02539
-3.13313,3.32398,2.02845,2.01585
-3.11437,3.32162,2.03496,2.0063
-3.09561,3.31925,2.04147,1.99676
-3.07685,3.31688,2.04798,1.98721
-3.05809,3.31452,2.05449,1.97767
-3.03932,3.31215,2.061,1.96812
-3.02056,3.30978,2.06751,1.95858
-3.0018,3.30742,2.07402,1.94904
-2.98304,3.30505,2.08053,1.93949
-2.96428,3.30268,2.08704,1.92995
-2.94551,3.30031,2.09355,1.9204
-2.92675,3.29795,2.10006,1.91086
-2.90799,3.29558,2.10657,1.90131
-2.88923,3.29321,2.11308,1.89177
-2.87047,3.29085,2.11959,1.88223
-2.8517,3.28848,2.12611,1.87268
-2.83294,3.28611,2.13262,1.86314
-2.81418,3.28375,2.13913,1.85359
-2.79542,3.28138,2.14564,1.84405
-2.77666,3.27901,2.15215,1.8345
-2.7579,3.27664,2.15866,1.82496
-2.73913,3.27428,2.16517,1.81542
-2.72037,3.27191,2.17168,1.80587
-2.70161,3.26954,2.17819,1.79633
-2.68285,3.26718,2.1847,1.78678
-2.66409,3.26481,2.19121,1.77724
-2.64532,3.26244,2.19772,1.76769
-2.62656,3.26008,2.20423,1.75815
-2.6078,3.25771,2.21074,1.74861
-2.58904,3.25534,2.21725,1.73906
-2.57028,3.25297,2.22377,1.72952
-2.55151,3.25061,2.23028,1.71997
-2.53275,3.24824,2.23679,1.71043
-2.51399,3.24587,2.2433,1.70088
-2.49523,3.24351,2.24981,1.69134
-2.47647,3.24114,2.25632,1.68179
-2.4577,3.23877,2.26283,1.67225
-2.43894,3.23641,2.26934,1.66271
-2.42018,3.23404,2.27585,1.65316
-2.40142,3.23167,2.28236,1.64362
-2.38266,3.2293,2.28887,1.63407
-2.3639,3.22694,2.29538,1.62453
-2.34513,3.22457,2.30189,1.61498
-2.32637,3.2222,2.3084,1.60544
-2.30663,3.22113,2.31142,1.58667
-2.28689,3.22005,2.31444,1.56791
-2.26715,3.21898,2.31745,1.54914
-2.2474,3.2179,2.32047,1.53037
-2.22766,3.21683,2.32349,1.51161
-2.20792,3.21575,2.3265,1.49284
-2.18818,3.21468,2.32952,1.47408
-2.16844,3.21361,2.33254,1.45531
-2.14869,3.21253,2.33556,1.43654
-2.12895,3.21146,2.33857,1.41778
-2.10921,3.21038,2.34159,1.39901
-2.08947,3.20931,2.34461,1.38024
-2.06973,3.20823,2.34762,1.36148
-2.04998,3.20716,2.35064,1.34271
-2.03024,3.20608,2.35366,1.32394
-2.0105,3.20501,2.35667,1.30518
-1.99076,3.20393,2.35969,1.28641
-1.97102,3.20286,2.36271,1.26765
-1.95128,3.20178,2.36572,1.24888
-1.93153,3.20071,2.36874,1.23011
-1.91179,3.19963,2.37176,1.21135
-1.89205,3.19856,2.37477,1.19258
-1.87231,3.19748,2.37779,1.17381
-1.85257,3.19641,2.38081,1.15505
-1.83282,3.19534,2.38382,1.13628
-1.81308,3.19426,2.38684,1.11751
-1.79334,3.19319,2.38986,1.09875
-1.7736,3.19211,2.39288,1.07998
-1.75386,3.19104,2.39589,1.06122
-1.73411,3.18996,2.39891,1.04245
-1.71437,3.18889,2.40193,1.02368
-1.69463,3.18781,2.40494,1.00492
-1.67489,3.18674,2.40796,0.98615
-1.65515,3.18566,2.41098,0.967384
-1.6354,3.18459,2.41399,0.948618
-1.61566,3.18351,2.41701,0.929851
-1.59592,3.18244,2.42003,0.911085
-1.57618,3.18136,2.42304,0.892319
-1.55644,3.18029,2.42606,0.873552
-1.53669,3.17922,2.42908,0.854786
-1.51695,3.17814,2.43209,0.836019
-1.49721,3.17707,2.43511,0.817253
-1.47747,3.17599,2.43813,0.798487
-1.45773,3.17492,2.44114,0.77972
-1.43798,3.17384,2.44416,0.760954
-1.41824,3.17277,2.44718,0.742188
-1.3985,3.17169,2.4502,0.723421
-1.37876,3.17062,2.45321,0.704655
-1.35902,3.16954,2.45623,0.685889
-1.33928,3.16847,2.45925,0.667122
-1.34741,3.18563,2.45298,0.613344
-1.35554,3.20279,2.44671,0.559566
-1.36368,3.21996,2.44044,0.505787
-1.37181,3.23712,2.43418,0.452009
-1.37995,3.25428,2.42791,0.398231
-1.38808,3.27144,2.42164,0.344452
-1.39622,3.28861,2.41537,0.290674
-1.40435,3.30577,2.40911,0.236896
-1.41248,3.32293,2.40284,0.183117
-1.42062,3.34009,2.39657,0.129339
-1.42875,3.35726,2.3903,0.0755609
-1.43689,3.37442,2.38404,0.0217826
-1.44502,3.39158,2.37777,-0.0319957
-1.45316,3.40874,2.3715,-0.085774
-1.46129,3.42591,2.36523,-0.139552
-1.46943,3.44307,2.35897,-0.193331
-1.47756,3.46023,2.3527,-0.247109
-1.48569,3.47739,2.34643,-0.300887
-1.49383,3.49456,2.34016,-0.354666
-1.50196,3.51172,2.3339,-0.408444
-1.5101,3.52888,2.32763,-0.462222
-1.51823,3.54604,2.32136,-0.516
-1.52637,3.56321,2.31509,-0.569779
-1.5345,3.58037,2.30883,-0.623557
-1.54263,3.59753,2.30256,-0.677335
-1.55077,3.61469,2.29629,-0.731114
-1.5589,3.63186,2.29003,-0.784892
-1.56704,3.64902,2.28376,-0.83867
-1.57517,3.66618,2.27749,-0.892449
-1.58331,3.68334,2.27122,-0.946227
-1.59144,3.70051,2.26496,-1.00001
-1.59957,3.71767,2.25869,-1.05378
-1.60771,3.73483,2.25242,-1.10756
-1.61584,3.75199,2.24615,-1.16134
-1.62398,3.76916,2.23989,-1.21512
-1.63211,3.78632,2.23362,-1.2689
-1.64025,3.80348,2.22735,-1.32267
-1.64838,3.82064,2.22108,-1.37645
-1.65652,3.83781,2.21482,-1.43023
-1.66465,3.85497,2.20855,-1.48401
-1.67278,3.87213,2.20228,-1.53779
-1.68092,3.88929,2.19601,-1.59157
-1.68905,3.90646,2.18975,-1.64534
-1.69719,3.92362,2.18348,-1.69912
-1.70532,3.94078,2.17721,-1.7529
-1.71346,3.95794,2.17094,-1.80668
-1.72159,3.97511,2.16468,-1.86046
-1.72972,3.99227,2.15841,-1.91424
-1.73786,4.00943,2.15214,-1.96801
-1.74599,4.02659,2.14587,-2.02179
-1.72962,4.01855,2.13767,-2.00812
-1.71325,4.01051,2.12947,-1.99444
-1.69688,4.00247,2.12126,-1.98077
-1.68051,3.99442,2.11306,-1.96709
-1.66414,3.98638,2.10485,-1.95342
-1.64777,3.97834,2.09665,-1.93974
-1.6314,3.9703,2.08844,-1.92607
-1.61503,3.96226,2.08024,-1.91239
-1.59865,3.95421,2.07203,-1.89872
-1.58228,3.94617,2.06383,-1.88504
-1.56591,3.93813,2.05562,-1.87136
-1.54954,3.93009,2.04742,-1.85769
-1.53317,3.92205,2.03921,-1.84401
-1.5168,3.914,2.03101,-1.83034
-1.50043,3.90596,2.0228,-1.81666
-1.48406,3.89792,2.0146,-1.80299
-1.46769,3.88988,2.0064,-1.78931
-1.45132,3.88184,1.99819,-1.77564
-1.43494,3.87379,1.98999,-1.76196
-1.41857,3.86575,1.98178,-1.74829
-1.4022,3.85771,1.97358,-1.73461
-1.38583,3.84967,1.96537,-1.72094
-1.36946,3.84163,1.95717,-1.70726
-1.35309,3.83358,1.94896,-1.69359
-1.33672,3.82554,1.94076,-1.67991
-1.32035,3.8175,1.93255,-1.66624
-1.30398,3.80946,1.92435,-1.65256
-1.28761,3.80142,1.91614,-1.63888
-1.27123,3.79337,1.90794,-1.62521
-1.25486,3.78533,1.89974,-1.61153
-1.23849,3.77729,1.89153,-1.59786
-1.22212,3.76925,1.88333,-1.58418
-1.20575,3.76121,1.87512,-1.57051
-1.18938,3.75316,1.86692,-1.55683
-1.17301,3.74512,1.85871,-1.54316
-1.15664,3.73708,1.85051,-1.52948
-1.14027,3.72904,1.8423,-1.51581
-1.1239,3.721,1.8341,-1.50213
-1.10752,3.71295,1.82589,-1.48846
-1.09115,3.70491,1.81769,-1.47478
-1.07478,3.69687,1.80948,-1.46111
-1.05841,3.68883,1.80128,-1.44743
-1.04204,3.68079,1.79307,-1.43376
-1.02567,3.67274,1.78487,-1.42008
-1.0093,3.6647,1.77667,-1.40641
-0.992928,3.65666,1.76846,-1.39273
-0.976557,3.64862,1.76026,-1.37905
-0.960186,3.64058,1.75205,-1.36538
-0.943815,3.63253,1.74385,-1.3517
-0.927444,3.62449,1.73564,-1.33803
-0.916829,3.61482,1.74956,-1.32648
-0.906214,3.60515,1.76348,-1.31493
-0.895599,3.59548,1.7774,-1.30338
-0.884985,3.5858,1.79132,-1.29183
-0.87437,3.57613,1.80525,-1.28028
-0.863755,3.56646,1.81917,-1.26873
-0.85314,3.55679,1.83309,-1.25718
-0.842525,3.54712,1.84701,-1.24563
-0.83191,3.53745,1.86093,-1.23408
-0.821296,3.52777,1.87485,-1.22253
-0.810681,3.5181,1.88877,-1.21098
-0.800066,3.50843,1.90269,-1.19943
-0.789451,3.49876,1.91661,-1.18789
-0.778836,3.48909,1.93053,-1.17634
-0.768221,3.47942,1.94445,-1.16479
-0.757607,3.46974,1.95837,-1.15324
-0.746992,3.46007,1.97229,-1.14169
-0.736377,3.4504,1.98621,-1.13014
-0.725762,3.44073,2.00013,-1.11859
-0.715147,3.43106,2.01405,-1.10704
-0.704533,3.42139,2.02798,-1.09549
-0.693918,3.41171,2.0419,-1.08394
-0.683303,3.40204,2.05582,-1.07239
-0.672688,3.39237,2.06974,-1.06084
-0.662073,3.3827,2.08366,-1.04929
-0.651458,3.37303,2.09758,-1.03774
-0.640844,3.36336,2.1115,-1.02619
-0.630229,3.35368,2.12542,-1.01464
-0.619614,3.34401,2.13934,-1.00309
-0.608999,3.33434,2.15326,-0.991544
-0.598384,3.32467,2.16718,-0.979994
-0.587769,3.315,2.1811,-0.968445
-0.577155,3.30533,2.19502,-0.956895
-0.56654,3.29565,2.20894,-0.945346
-0.555925,3.28598,2.22286,-0.933796
-0.54531,3.27631,2.23678,-0.922247
-0.534695,3.26664,2.25071,-0.910697
-0.524081,3.25697,2.26463,-0.899148
-0.513466,3.24729,2.27855,-0.887598
-0.502851,3.23762,2.29247,-0.876049
-0.492236,3.22795,2.30639,-0.864499
-0.481621,3.21828,2.32031,-0.85295
-0.471006,3.20861,2.33423,-0.8414
-0.460392,3.19894,2.34815,-0.829851
-0.449777,3.18926,2.36207,-0.818301
-0.439162,3.17959,2.37599,-0.806752
-0.428547,3.16992,2.38991,-0.795202
-0.417932,3.16025,2.40383,-0.783653
-0.407317,3.15058,2.41775,-0.772103
-0.396703,3.14091,2.43167,-0.760554
-0.379891,3.15035,2.42636,-0.792566
-0.36308,3.15979,2.42104,-0.824579
-0.346269,3.16923,2.41573,-0.856592
-0.329458,3.17867,2.41041,-0.888604
-0.312647,3.18811,2.40509,-0.920617
-0.295836,3.19755,2.39978,-0.95263
-0.279024,3.20699,2.39446,-0.984642
-0.262213,3.21643,2.38915,-1.01665
-0.245402,3.22587,2.38383,-1.04867
-0.228591,3.23531,2.37852,-1.08068
-0.21178,3.24475,2.3732,-1.11269
-0.194968,3.25419,2.36788,-1.14471
-0.178157,3.26364,2.36257,-1.17672
-0.161346,3.27308,2.35725,-1.20873
-0.144535,3.28252,2.35194,-1.24074
-0.127724,3.29196,2.34662,-1.27276
-0.110912,3.3014,2.34131,-1.30477
-0.0941013,3.31084,2.33599,-1.33678
-0.0772901,3.32028,2.33067,-1.36879
-0.0604789,3.32972,2.32536,-1.40081
-0.0436677,3.33916,2.32004,-1.43282
-0.0268565,3.3486,2.31473,-1.46483
-0.0100453,3.35804,2.30941,-1.49684
0.00676588,3.36748,2.3041,-1.52886
0.0235771,3.37692,2.29878,-1.56087
0.0403883,3.38636,2.29346,-1.59288
0.0571994,3.39581,2.28815,-1.6249
0.0740106,3.40525,2.28283,-1.65691
0.0908218,3.41469,2.27752,-1.68892
0.107633,3.42413,2.2722,-1.72093
0.124444,3.43357,2.26689,-1.75295
0.141255,3.44301,2.26157,-1.78496
0.158067,3.45245,2.25626,-1.81697
0.174878,3.46189,2.25094,-1.84898
0.191689,3.47133,2.24562,-1.881
0.2085,3.48077,2.24031,-1.91301
0.225311,3.49021,2.23499,-1.94502
0.242123,3.49965,2.22968,-1.97703
0.258934,3.50909,2.22436,-2.00905
0.275745,3.51853,2.21905,-2.04106
0.292556,3.52798,2.21373,-2.07307
0.309367,3.53742,2.20841,-2.10508
0.326178,3.54686,2.2031,-2.1371
0.34299,3.5563,2.19778,-2.16911
0.359801,3.56574,2.19247,-2.20112
0.376612,3.57518,2.18715,-2.23314
0.393423,3.58462,2.18184,-2.26515
0.410234,3.59406,2.17652,-2.29716
0.427046,3.6035,2.1712,-2.32917
0.443857,3.61294,2.16589,-2.36119
0.455648,3.61298,2.14973,-2.39327
0.467439,3.61302,2.13358,-2.42535
0.479229,3.61307,2.11742,-2.45743
0.49102,3.61311,2.10127,-2.48952
0.502811,3.61315,2.08511,-2.5216
0.514602,3.61319,2.06896,-2.55368
0.526393,3.61323,2.05281,-2.58576
0.538184,3.61327,2.03665,-2.61784
0.549975,3.61331,2.0205,-2.64993
0.561766,3.61335,2.00434,-2.68201
0.573557,3.6134,1.98819,-2.71409
0.585348,3.61344,1.97203,-2.74617
0.597138,3.61348,1.95588,-2.77826
0.608929,3.61352,1.93972,-2.81034
0.62072,3.61356,1.92357,-2.84242
0.632511,3.6136,1.90741,-2.8745
0.644302,3.61364,1.89126,-2.90659
0.656093,3.61368,1.8751,-2.93867
0.667884,3.61373,1.85895,-2.97075
0.679675,3.61377,1.84279,-3.00283
0.691466,3.61381,1.82664,-3.03491
0.703257,3.61385,1.81049,-3.067
0.715047,3.61389,1.79433,-3.09908
0.726838,3.61393,1.77818,-3.13116
0.738629,3.61397,1.76202,3.11994
0.75042,3.61401,1.74587,3.08786
0.762211,3.61406,1.72971,3.05578
0.774002,3.6141,1.71356,3.02369
0.785793,3.61414,1.6974,2.99161
0.797584,3.61418,1.68125,2.95953
0.809375,3.61422,1.66509,2.92745
0.821165,3.61426,1.64894,2.89537
0.832956,3.6143,1.63278,2.86328
0.844747,3.61434,1.61663,2.8312
0.856538,3.61439,1.60047,2.79912
0.868329,3.61443,1.58432,2.76704
0.88012,3.61447,1.56817,2.73495
0.891911,3.61451,1.55201,2.70287
0.903702,3.61455,1.53586,2.67079
0.915493,3.61459,1.5197,2.63871
0.927284,3.61463,1.50355,2.60662
0.939074,3.61467,1.48739,2.57454
0.950865,3.61472,1.47124,2.54246
0.962656,3.61476,1.45508,2.51038
0.974447,3.6148,1.43893,2.4783
0.986238,3.61484,1.42277,2.44621
0.998029,3.61488,1.40662,2.41413
1.00982,3.61492,1.39046,2.38205
1.02161,3.61496,1.37431,2.34997
1.0334,3.615,1.35815,2.31788
1.04869,3.62159,1.36925,2.30799
1.06397,3.62817,1.38034,2.29809
1.07925,3.63475,1.39144,2.2882
1.09454,3.64133,1.40253,2.2783
1.10982,3.64791,1.41363,2.26841
1.1251,3.65449,1.42472,2.25852
1.14039,3.66107,1.43582,2.24862
1.15567,3.66765,1.44691,2.23873
1.17096,3.67423,1.45801,2.22883
1.18624,3.68081,1.4691,2.21894
1.20152,3.68739,1.4802,2.20904
1.21681,3.69397,1.49129,2.19915
1.23209,3.70055,1.50239,2.18925
1.24737,3.70713,1.51348,2.17936
1.26266,3.71372,1.52458,2.16946
1.27794,3.7203,1.53567,2.15957
1.29323,3.72688,1.54677,2.14967
1.30851,3.73346,1.55786,2.13978
1.32379,3.74004,1.56896,2.12988
1.33908,3.74662,1.58005,2.11999
1.35436,3.7532,1.59115,2.11009
1.36965,3.75978,1.60224,2.1002
1.38493,3.76636,1.61334,2.0903
1.40021,3.77294,1.62443,2.08041
1.4155,3.77952,1.63553,2.07051
1.43078,3.7861,1.64662,2.06062
1.44606,3.79268,1.65772,2.05072
1.46135,3.79927,1.66881,2.04083
1.47663,3.80585,1.67991,2.03093
1.49192,3.81243,1.691,2.02104
1.5072,3.81901,1.7021,2.01114
1.52248,3.82559,1.71319,2.00125
1.53777,3.83217,1.72429,1.99136
1.55305,3.83875,1.73538,1.98146
1.56833,3.84533,1.74648,1.97157
1.58362,3.85191,1.75757,1.96167
1.5989,3.85849,1.76867,1.95178
1.61419,3.86507,1.77976,1.94188
1.62947,3.87165,1.79086,1.93199
1.64475,3.87823,1.80195,1.92209
1.66004,3.88482,1.81305,1.9122
1.67532,3.8914,1.82414,1.9023
1.69061,3.89798,1.83524,1.89241
1.70589,3.90456,1.84633,1.88251
1.72117,3.91114,1.85743,1.87262
1.73646,3.91772,1.86852,1.86272
1.75174,3.9243,1.87962,1.85283
1.76702,3.93088,1.89071,1.84293
1.78231,3.93746,1.90181,1.83304
1.79759,3.94404,1.9129,1.82314
1.80076,3.96367,1.91504,1.77445
1.80392,3.98331,1.91717,1.72575
1.80709,4.00294,1.91931,1.67705
1.81025,4.02257,1.92144,1.62835
1.81342,4.0422,1.92357,1.57965
1.81658,4.06184,1.92571,1.53096
1.81975,4.08147,1.92784,1.48226
1.82291,4.1011,1.92997,1.43356
1.82607,4.12073,1.93211,1.38486
1.82924,4.14037,1.93424,1.33617
1.8324,4.16,1.93637,1.28747
1.83557,4.17963,1.93851,1.23877
1.83873,4.19926,1.94064,1.19007
1.8419,4.2189,1.94278,1.14138
1.84506,4.23853,1.94491,1.09268
1.84823,4.25816,1.94704,1.04398
1.85139,4.27779,1.94918,0.995282
1.85456,4.29743,1.95131,0.946584
1.85772,4.31706,1.95344,0.897887
1.86089,4.33669,1.95558,0.849189
1.86405,4.35632,1.95771,0.800491
1.86722,4.37596,1.95984,0.751793
1.87038,4.39559,1.96198,0.703096
1.87354,4.41522,1.96411,0.654398
1.87671,4.43485,1.96625,0.6057
1.87987,4.45448,1.96838,0.557003
1.88304,4.47412,1.97051,0.508305
1.8862,4.49375,1.97265,0.459607
1.88937,4.51338,1.97478,0.410909
1.89253,4.53301,1.97691,0.362212
1.8957,4.55265,1.97905,0.313514
1.89886,4.57228,1.98118,0.264816
1.90203,4.59191,1.98331,0.216119
1.90519,4.61154,1.98545,0.167421
1.90836,4.63118,1.98758,0.118723
1.91152,4.65081,1.98972,0.0700255
1.91469,4.67044,1.99185,0.0213278
1.91785,4.69007,1.99398,-0.0273699
1.92102,4.70971,1.99612,-0.0760676
1.92418,4.72934,1.99825,-0.124765
1.92734,4.74897,2.00038,-0.173463
1.93051,4.7686,2.00252,-0.222161
1.93367,4.78824,2.00465,-0.270858
1.93684,4.80787,2.00678,-0.319556
1.94,4.8275,2.00892,-0.368254
1.94317,4.84713,2.01105,-0.416952
1.94633,4.86677,2.01319,-0.465649
1.9495,4.8864,2.01532,-0.514347
1.95266,4.90603,2.01745,-0.563045
1.95583,4.92566,2.01959,-0.611742
1.97296,4.91722,2.01364,-0.606056
1.99008,4.90879,2.00769,-0.60037
2.00721,4.90035,2.00174,-0.594683
2.02434,4.89191,1.99579,-0.588997
2.04147,4.88347,1.98984,-0.583311
2.0586,4.87503,1.98389,-0.577624
2.07573,4.86659,1.97794,-0.571938
2.09286,4.85816,1.97199,-0.566252
2.10999,4.84972,1.96604,-0.560565
2.12711,4.84128,1.96009,-0.554879
2.14424,4.83284,1.95414,-0.549193
2.16137,4.8244,1.94819,-0.543506
2.1785,4.81596,1.94224,-0.53782
2.19563,4.80753,1.93629,-0.532134
2.21276,4.79909,1.93034,-0.526448
2.22989,4.79065,1.92439,-0.520761
2.24702,4.78221,1.91844,-0.515075
2.26414,4.77377,1.91249,-0.509389
2.28127,4.76533,1.90654,-0.503702
2.2984,4.75689,1.90059,-0.498016
2.31553,4.74846,1.89464,-0.49233
2.33266,4.74002,1.88869,-0.486643
2.34979,4.73158,1.88274,-0.480957
2.36692,4.72314,1.87679,-0.475271
2.38404,4.7147,1.87084,-0.469584
2.40117,4.70626,1.86489,-0.463898
2.4183,4.69783,1.85894,-0.458212
2.43543,4.68939,1.85299,-0.452525
2.45256,4.68095,1.84704,-0.446839
2.46969,4.67251,1.84109,-0.441153
2.48682,4.66407,1.83514,-0.435466
2.50395,4.65563,1.82919,-0.42978
2.52107,4.64719,1.82324,-0.424094
2.5382,4.63876,1.81729,-0.418407
2.55533,4.63032,1.81134,-0.412721
2.57246,4.62188,1.80539,-0.407035
2.58959,4.61344,1.79944,-0.401348
2.60672,4.605,1.79349,-0.395662
2.62385,4.59656,1.78754,-0.389976
2.64098,4.58813,1.78159,-0.384289
2.6581,4.57969,1.77564,-0.378603
2.67523,4.57125,1.76969,-0.372917
2.69236,4.56281,1.76374,-0.36723
2.70949,4.55437,1.75779,-0.361544
2.72662,4.54593,1.75185,-0.355858
2.74375,4.53749,1.7459,-0.350171
2.76088,4.52906,1.73995,-0.344485
2.77801,4.52062,1.734,-0.338799
2.79513,4.51218,1.72805,-0.333112
2.81226,4.50374,1.7221,-0.327426
2.82725,4.51412,1.71387,-0.344613
2.84224,4.5245,1.70565,-0.3618
2.85722,4.53489,1.69743,-0.378987
2.87221,4.54527,1.68921,-0.396175
2.8872,4.55565,1.68099,-0.413362
2.90219,4.56603,1.67277,-0.430549
2.91717,4.57641,1.66454,-0.447736
2.93216,4.5868,1.65632,-0.464923
2.94715,4.59718,1.6481,-0.48211
2.96214,4.60756,1.63988,-0.499298
2.97712,4.61794,1.63166,-0.516485
2.99211,4.62832,1.62344,-0.533672
3.0071,4.6387,1.61521,-0.550859
3.02209,4.64909,1.60699,-0.568046
3.03707,4.65947,1.59877,-0.585233
3.05206,4.66985,1.59055,-0.60242
3.06705,4.68023,1.58233,-0.619608
3.08204,4.69061,1.57411,-0.636795
3.09702,4.701,1.56588,-0.653982
3.11201,4.71138,1.55766,-0.671169
3.127,4.72176,1.54944,-0.688356
3.14198,4.73214,1.54122,-0.705543
3.15697,4.74252,1.533,-0.722731
3.17196,4.7529,1.52477,-0.739918
3.18695,4.76329,1.51655,-0.757105
3.20193,4.77367,1.50833,-0.774292
3.21692,4.78405,1.50011,-0.791479
3.23191,4.79443,1.49189,-0.808666
3.2469,4.80481,1.48367,-0.825854
3.26188,4.8152,1.47544,-0.843041
3.27687,4.82558,1.46722,-0.860228
3.29186,4.83596,1.459,-0.877415
3.30685,4.84634,1.45078,-0.894602
3.32183,4.85672,1.44256,-0.911789
3.33682,4.8671,1.43434,-0.928976
3.35181,4.87749,1.42611,-0.946164
3.3668,4.88787,1.41789,-0.963351
3.38178,4.89825,1.40967,-0.980538
3.39677,4.90863,1.40145,-0.997725
3.41176,4.91901,1.39323,-1.01491
3.42675,4.92939,1.38501,-1.0321
3.44173,4.93978,1.37678,-1.04929
3.45672,4.95016,1.36856,-1.06647
3.47171,4.96054,1.36034,-1.08366
3.48669,4.97092,1.35212,-1.10085
3.50168,4.9813,1.3439,-1.11804
3.51667,4.99169,1.33568,-1.13522
3.53166,5.00207,1.32745,-1.15241
3.54664,5.01245,1.31923,-1.1696
3.56163,5.02283,1.31101,-1.18678
3.55141,5.01544,1.32654,-1.22909
3.5412,5.00806,1.34206,-1.2714
3.53098,5.00067,1.35759,-1.3137
3.52076,4.99328,1.37311,-1.35601
3.51055,4.9859,1.38864,-1.39831
3.50033,4.97851,1.40416,-1.44062
3.49011,4.97112,1.41969,-1.48293
3.4799,4.96373,1.43522,-1.52523
3.46968,4.95635,1.45074,-1.56754
3.45946,4.94896,1.46627,-1.60984
3.44925,4.94157,1.48179,-1.65215
3.43903,4.93418,1.49732,-1.69446
3.42881,4.9268,1.51284,-1.73676
3.4186,4.91941,1.52837,-1.77907
3.40838,4.91202,1.5439,-1.82137
3.39816,4.90464,1.55942,-1.86368
3.38795,4.89725,1.57495,-1.90599
3.37773,4.88986,1.59047,-1.94829
3.36751,4.88247,1.606,-1.9906
3.3573,4.87509,1.62152,-2.0329
3.34708,4.8677,1.63705,-2.07521
3.33686,4.86031,1.65258,-2.11752
3.32665,4.85293,1.6681,-2.15982
3.31643,4.84554,1.68363,-2.20213
3.30621,4.83815,1.69915,-2.24443
3.296,4.83076,1.71468,-2.28674
3.28578,4.82338,1.7302,-2.32905
3.27556,4.81599,1.74573,-2.37135
3.26535,4.8086,1.76126,-2.41366
3.25513,4.80121,1.77678,-2.45596
3.24491,4.79383,1.79231,-2.49827
3.2347,4.78644,1.80783,-2.54058
3.22448,4.77905,1.82336,-2.58288
3.21426,4.77167,1.83888,-2.62519
3.20405,4.76428,1.85441,-2.66749
3.19383,4.75689,1.86994,-2.7098
3.18361,4.7495,1.88546,-2.75211
3.1734,4.74212,1.90099,-2.79441
3.16318,4.73473,1.91651,-2.83672
3.15296,4.72734,1.93204,-2.87902
3.14275,4.71996,1.94756,-2.92133
3.13253,4.71257,1.96309,-2.96364
3.12231,4.70518,1.97862,-3.00594
3.1121,4.69779,1.99414,-3.04825
3.10188,4.69041,2.00967,-3.09055
3.09166,4.68302,2.02519,-3.13286
3.08145,4.67563,2.04072,3.10802
3.07123,4.66824,2.05625,3.06571
3.06101,4.66086,2.07177,3.02341
3.0508,4.65347,2.0873,2.9811
3.0572,4.63453,2.08759,2.97179
3.06361,4.61558,2.08788,2.96247
3.07001,4.59664,2.08817,2.95315
3.07642,4.57769,2.08847,2.94383
3.08282,4.55875,2.08876,2.93452
3.08923,4.5398,2.08905,2.9252
3.09563,4.52086,2.08935,2.91588
3.10204,4.50191,2.08964,2.90657
3.10844,4.48297,2.08993,2.89725
3.11484,4.46403,2.09022,2.88793
3.12125,4.44508,2.09052,2.87862
3.12765,4.42614,2.09081,2.8693
3.13406,4.40719,2.0911,2.85998
3.14046,4.38825,2.09139,2.85067
3.14687,4.3693,2.09169,2.84135
3.15327,4.35036,2.09198,2.83203
3.15968,4.33141,2.09227,2.82272
3.16608,4.31247,2.09257,2.8134
3.17249,4.29352,2.09286,2.80408
3.17889,4.27458,2.09315,2.79477
3.1853,4.25564,2.09344,2.78545
3.1917,4.23669,2.09374,2.77613
3.19811,4.21775,2.09403,2.76682
3.20451,4.1988,2.09432,2.7575
3.21092,4.17986,2.09461,2.74818
3.21732,4.16091,2.09491,2.73887
3.22372,4.14197